10 0 0 8 0 0 0 13 11 0 0 12 11 0 0 0 0 0 0 0 0 0 0 0 0 0 10 0 13 10 0 0 0 0 0 0 
8 8 0 0 9 0 0 0 0 0 0 0 8 0 0 0 6 0 10 0 9 10 0 11 9 13 0 11 15 0 9 0 0 8 0 0 
8 10 0 6 0 12 0 0 0 5 12 0 0 0 11 0 0 11 0 12 0 0 0 8 9 0 0 0 8 12 13 0 0 5 6 0 
7 6 11 12 0 0 0 9 0 0 0 10 10 0 0 9 9 7 11 0 0 11 10 0 11 6 0 0 4 0 13 10 10 7 9 11 
0 0 0 9 0 7 0 8 0 0 9 10 0 0 0 14 0 0 13 0 0 0 0 11 0 0 0 0 0 0 11 9 7 0 0 0 
0 0 14 0 0 9 11 0 12 0 10 0 9 10 13 11 0 0 0 6 10 5 0 0 0 13 0 7 0 0 0 0 0 0 11 0 
0 0 0 0 10 12 8 13 0 0 0 9 9 12 0 10 8 0 0 0 0 0 0 15 0 13 0 6 0 0 0 0 12 0 0 10 
10 0 12 0 0 13 6 0 11 0 0 12 0 8 0 0 0 8 8 0 9 0 7 0 0 10 0 10 0 9 0 0 0 0 0 11 
0 0 12 0 10 7 0 0 0 0 7 0 0 12 13 0 13 0 11 0 0 5 10 10 0 0 10 0 12 0 10 0 0 0 13 12 
0 10 10 0 7 0 0 0 0 0 0 8 11 6 13 0 10 10 0 0 16 0 0 0 0 0 11 11 9 0 12 0 0 0 0 0 
0 0 0 0 10 12 0 0 8 12 0 0 0 10 0 0 0 13 0 0 10 0 11 13 0 0 11 0 0 0 0 0 13 0 0 0 
0 0 0 0 0 0 15 12 0 0 0 0 0 0 0 11 8 0 11 0 0 10 0 8 0 11 0 11 0 9 9 4 12 0 0 13 
11 12 0 0 13 11 8 8 0 10 8 4 0 9 0 6 0 0 0 0 9 0 9 0 9 9 0 0 0 8 13 12 16 6 0 0 
0 0 0 0 12 0 0 0 0 0 0 0 9 14 0 7 10 0 11 7 9 7 11 5 0 0 0 0 0 0 0 0 8 0 0 0 
7 0 11 11 10 0 0 0 0 0 3 12 10 11 0 0 0 10 9 0 0 13 11 0 0 0 0 11 5 0 9 10 7 13 0 0 
6 11 0 0 8 5 0 13 0 0 0 0 0 10 0 0 0 0 0 0 9 10 0 0 0 0 0 0 8 0 9 0 0 10 0 14 
10 0 12 0 7 0 0 8 0 14 0 11 12 0 0 0 0 10 0 7 12 8 10 0 0 0 10 12 13 0 0 7 7 8 0 0 
0 0 13 0 11 0 9 0 0 0 11 0 0 0 5 0 0 0 0 0 0 0 12 0 0 0 0 14 7 0 12 0 0 0 0 0 
0 0 10 0 0 0 0 0 0 10 0 11 0 0 8 0 0 6 0 9 9 0 0 13 0 0 0 0 0 9 0 0 10 0 10 0 
0 0 0 0 0 11 11 12 0 13 0 10 11 12 11 8 0 0 10 0 0 12 0 0 0 8 13 0 10 0 0 0 0 0 0 10 
0 16 0 11 0 0 0 0 0 0 11 10 0 12 12 0 0 0 0 15 8 12 12 0 10 0 0 14 8 0 12 8 0 11 9 0 
0 0 9 0 0 9 0 0 5 0 0 12 0 0 12 0 0 0 6 0 9 0 0 0 0 0 0 10 0 0 0 0 9 0 0 9 
0 0 13 11 0 0 0 7 0 9 7 0 15 0 0 8 0 0 7 10 7 0 11 10 0 9 12 6 0 0 0 0 0 4 0 0 
11 0 0 9 9 15 12 11 0 7 0 0 8 10 0 7 0 0 8 0 0 0 0 9 0 0 5 0 0 0 10 0 11 0 0 0 
0 0 14 10 0 0 0 0 5 0 0 0 0 0 0 0 0 13 0 0 0 0 7 0 9 7 12 0 0 0 0 0 0 8 11 11 
0 0 0 13 0 0 7 0 0 9 0 10 0 0 0 0 0 0 0 0 0 0 0 0 0 10 10 6 0 0 0 12 0 0 11 0 
0 0 0 7 8 0 6 11 11 0 0 0 0 0 0 0 9 9 0 0 12 0 0 0 0 12 7 11 12 0 0 0 0 0 0 0 
0 0 0 7 9 0 15 0 14 0 0 11 0 0 13 0 10 0 0 13 14 0 0 7 0 10 7 0 0 0 0 10 0 11 10 14 
10 0 8 0 0 0 7 0 0 10 11 9 0 0 0 0 8 0 12 0 0 0 0 0 9 0 0 11 0 0 8 8 0 8 16 0 
11 9 0 0 0 0 0 11 0 0 11 0 0 0 0 0 0 0 12 7 0 10 0 0 8 0 0 0 0 0 14 0 11 7 0 10 
0 0 0 0 5 9 0 10 11 0 12 10 0 0 0 13 0 0 8 9 9 12 0 0 0 0 0 0 14 0 0 0 0 0 0 0 
0 0 0 9 0 0 0 10 7 0 0 0 0 11 6 13 10 0 0 0 11 0 0 10 0 0 0 0 0 12 0 0 8 0 7 0 
9 5 7 0 0 0 8 0 0 11 8 7 10 0 0 0 0 7 0 9 8 0 6 0 12 8 10 10 0 0 9 0 12 0 0 11 
4 0 13 0 0 0 0 6 0 0 0 0 0 11 10 0 0 0 0 0 0 0 0 0 9 0 0 9 0 9 10 10 7 8 0 0 
0 0 0 0 11 0 0 0 0 0 0 0 10 0 9 6 0 14 11 8 9 7 0 0 8 0 0 10 15 0 0 0 13 0 0 0 
0 0 0 0 16 12 0 0 13 11 10 0 9 10 0 0 0 9 8 0 0 0 0 6 6 11 0 11 0 0 7 12 8 0 0 9 
8 7 0 10 10 0 0 0 10 0 0 0 12 0 0 0 0 8 8 13 0 5 8 9 10 0 9 9 0 0 6 0 9 9 0 0 
0 0 0 8 0 10 0 0 0 11 0 0 5 0 0 0 0 12 0 0 9 12 0 0 0 0 13 11 0 0 0 0 9 0 0 12 
9 0 0 8 0 0 14 0 0 0 0 10 5 0 0 0 0 0 10 0 0 0 15 0 0 0 10 0 12 0 0 0 8 0 8 0 
0 0 6 0 10 0 0 0 8 8 10 0 12 0 0 0 0 14 0 0 4 10 0 0 14 0 0 5 11 14 0 0 10 11 13 0 
7 12 0 9 0 0 0 0 8 0 0 0 0 8 0 0 11 0 0 0 11 0 13 12 13 12 11 0 4 0 0 9 0 15 0 13 
9 8 12 0 0 0 6 0 0 0 12 0 0 0 0 10 13 0 0 14 0 10 0 0 0 0 0 11 0 0 0 7 0 0 9 0 
8 0 10 8 0 0 0 0 12 7 0 0 0 0 0 0 0 0 10 0 5 9 11 0 0 0 0 7 0 13 11 0 0 11 0 10 
11 0 10 9 0 0 0 9 0 0 12 10 10 0 0 10 0 0 12 0 4 11 0 0 0 12 0 7 10 0 9 9 8 8 9 0 
11 10 0 0 9 10 0 9 0 8 10 0 6 0 0 8 12 0 0 0 8 8 12 9 11 0 0 0 0 0 0 0 10 11 0 0 
0 9 11 6 0 0 0 9 11 0 0 8 0 10 10 0 0 0 0 9 8 0 0 0 0 13 0 0 11 12 9 13 9 0 13 10 
0 0 9 11 9 0 0 15 0 6 9 14 11 10 0 12 0 13 11 0 0 0 0 7 0 7 0 0 0 0 9 0 12 0 10 10 
9 9 0 0 0 10 0 11 11 0 9 9 0 11 14 0 13 13 0 0 0 11 0 0 0 0 12 0 0 0 8 8 0 0 0 11 
0 0 0 12 0 7 9 0 10 0 0 8 11 0 0 0 5 0 0 0 0 9 0 0 0 11 0 0 8 8 0 0 0 11 0 10 
9 14 7 6 0 0 15 0 0 0 9 0 6 7 13 0 12 0 0 0 0 0 0 11 0 0 0 9 14 13 9 8 0 0 0 12 
11 0 0 0 12 0 9 0 0 10 12 0 10 0 13 0 0 0 10 6 0 8 11 12 13 0 0 9 8 12 9 0 11 0 0 9 
0 0 0 10 0 0 11 0 12 8 0 9 0 14 8 0 0 0 7 0 0 6 0 0 0 0 13 0 0 0 14 7 0 0 0 0 
0 0 11 0 0 0 0 0 0 0 10 9 0 0 0 9 11 0 0 0 8 0 0 0 0 0 0 0 0 0 0 0 14 10 0 7 
0 0 9 0 11 0 0 0 0 0 0 0 0 10 0 0 6 10 0 0 10 0 14 12 10 11 0 8 13 0 12 12 8 0 9 0 
0 0 4 0 0 0 0 0 8 7 0 0 0 0 7 8 0 11 11 0 11 0 0 0 11 7 10 0 10 0 9 12 9 0 0 0 
10 11 0 0 10 8 0 0 0 0 0 0 0 10 0 0 0 0 11 0 0 0 0 7 0 0 0 0 12 9 6 8 12 12 0 0 
6 0 10 0 9 0 8 0 0 13 0 11 8 13 0 9 8 9 9 0 0 8 9 7 0 11 0 9 0 8 0 10 11 10 10 0 
0 0 0 0 0 11 9 0 11 0 0 0 7 0 7 0 0 0 7 13 7 9 0 0 9 6 0 11 12 0 9 12 0 0 0 7 
0 0 9 0 0 14 10 10 11 13 11 0 0 12 10 0 0 0 0 0 11 12 0 0 0 9 0 7 0 0 0 0 9 0 0 0 
12 9 0 9 0 0 0 0 0 0 9 0 0 9 0 0 9 10 12 0 9 0 0 0 12 0 13 0 0 10 0 0 0 10 0 0 
