0 0 12 0 0 0 0 0 0 8 0 10 0 0 0 0 0 0 0 0 0 0 0 0 0 0 0 0 0 0 0 0 0 
9 0 0 14 8 0 0 0 0 0 0 0 0 0 0 0 0 0 0 0 14 0 0 10 8 0 0 0 0 0 0 11 0 
0 0 0 0 0 0 0 9 0 0 0 0 0 11 0 0 0 0 13 0 0 0 0 14 0 0 0 6 0 0 8 0 0 
0 0 0 11 11 0 0 0 0 10 9 0 0 11 0 0 0 9 14 0 0 0 0 0 0 0 0 0 10 0 0 0 9 
0 0 0 0 0 0 0 0 0 0 0 0 0 0 0 0 0 0 0 0 0 0 0 0 0 0 11 0 0 0 0 7 0 
0 0 0 0 0 0 0 0 0 0 0 0 0 0 9 0 0 0 0 0 12 0 0 0 0 0 0 0 0 0 0 0 0 
0 0 0 0 0 0 0 0 0 10 0 0 0 6 0 8 0 9 0 0 0 13 0 0 0 10 0 0 0 0 0 0 0 
0 0 0 0 0 0 11 0 0 0 0 0 0 0 0 0 0 0 0 0 11 0 13 0 0 0 0 0 10 0 0 9 0 
0 0 0 0 0 0 10 0 0 0 7 0 0 0 0 0 0 0 0 14 0 0 0 0 0 0 0 0 0 0 0 0 0 
0 9 13 0 10 11 0 0 0 12 0 15 10 0 0 0 0 0 0 0 0 0 0 0 13 0 10 0 0 0 0 0 12 
0 0 9 0 0 0 12 0 10 7 0 0 0 0 0 0 9 0 0 9 13 0 10 0 0 0 0 0 0 12 0 10 0 
0 0 7 0 0 0 0 0 0 0 0 0 11 0 0 0 8 0 0 0 0 0 10 0 0 0 0 0 0 0 0 0 0 
9 0 0 0 0 0 0 0 11 8 0 0 0 0 0 0 0 0 0 0 0 0 13 0 0 0 0 10 0 0 0 0 11 
0 0 0 11 13 0 0 0 0 0 0 9 0 0 0 0 0 0 0 0 0 0 0 13 0 0 0 0 0 0 0 0 0 
0 0 0 0 0 11 0 10 7 0 0 0 0 0 0 0 0 0 0 0 0 0 11 0 0 0 0 8 0 0 12 9 0 
0 0 0 0 0 0 0 0 8 0 0 0 0 11 0 0 0 0 0 0 0 0 0 0 0 0 13 0 0 0 0 0 0 
0 0 0 11 0 0 0 0 0 9 0 0 0 13 12 0 0 10 0 9 13 0 0 0 0 0 0 13 0 0 0 0 0 
11 0 0 7 0 0 11 0 0 0 0 0 0 11 0 0 0 0 0 0 0 0 0 0 8 0 0 0 0 0 0 12 7 
0 0 9 0 5 0 0 11 0 0 0 0 0 0 10 0 0 0 13 0 0 7 0 0 11 0 12 0 0 0 0 0 0 
0 0 0 0 0 10 0 9 9 0 0 0 0 0 0 0 0 0 0 0 0 0 7 0 0 0 0 0 0 0 0 0 9 
0 9 0 0 9 0 0 0 0 0 0 12 0 0 12 0 0 11 0 0 8 0 0 0 0 0 0 0 8 0 10 0 0 
0 0 0 0 0 0 9 8 0 0 0 0 0 0 0 11 0 0 9 0 0 0 0 0 0 0 0 0 0 11 0 0 0 
0 14 0 14 0 0 0 0 0 0 11 0 9 0 0 0 0 0 0 0 0 0 0 0 0 0 0 0 9 0 0 0 0 
0 7 0 0 0 0 0 0 0 0 0 0 0 0 13 0 0 0 6 0 0 0 0 0 14 0 0 6 0 0 0 12 0 
10 0 0 0 0 0 13 0 0 0 0 0 11 13 0 0 0 0 11 0 0 11 0 0 0 0 0 0 10 0 0 0 9 
0 0 0 0 0 0 0 0 0 0 7 0 0 11 0 0 0 10 0 8 0 0 0 0 0 11 0 0 0 0 0 0 0 
0 0 0 0 13 0 0 0 0 0 0 0 0 0 0 10 0 0 0 0 9 0 0 0 9 0 0 0 0 0 0 0 0 
0 0 0 0 0 0 0 0 0 6 0 0 0 0 0 9 0 0 7 0 0 0 0 0 11 0 0 0 0 0 0 0 0 
10 0 0 0 0 12 5 0 0 6 0 0 0 0 0 0 0 8 9 0 0 0 0 0 0 0 0 0 0 7 0 0 0 
0 0 0 0 0 0 0 0 0 0 0 0 0 0 0 0 0 0 11 0 10 0 0 6 0 0 0 0 0 0 7 0 0 
8 0 0 8 0 0 0 9 0 0 12 0 13 0 9 12 9 0 0 0 0 11 0 0 0 0 12 0 9 0 0 0 0 
0 0 0 0 0 0 0 0 0 0 0 0 0 0 0 0 0 0 0 12 0 10 0 0 0 0 0 0 0 0 6 0 0 
0 0 0 0 6 0 0 10 11 0 0 9 0 0 9 0 0 0 0 0 0 0 0 0 0 0 13 13 0 0 0 11 0 
0 0 0 0 0 0 0 0 0 12 0 0 8 0 11 0 0 0 0 5 0 0 0 0 0 0 0 0 0 0 0 8 10 
0 12 0 0 0 8 14 0 0 0 0 0 0 0 0 0 8 0 0 0 9 11 0 0 0 0 10 0 0 0 0 8 0 
0 12 0 0 0 0 0 0 0 8 0 10 0 0 0 0 9 0 0 6 0 0 0 0 0 10 0 0 0 0 0 8 0 
0 0 0 0 8 0 0 3 0 8 0 0 0 0 10 0 10 0 0 0 0 0 0 0 0 13 10 0 6 10 5 0 0 
0 0 0 0 0 0 0 10 0 11 0 0 0 0 8 14 0 10 9 0 0 0 0 0 0 7 0 0 10 12 0 0 0 
0 0 0 13 0 8 0 0 0 0 0 0 0 0 0 0 0 0 12 0 0 0 0 0 0 0 0 0 0 0 0 0 0 
7 0 0 0 0 0 0 0 0 6 0 0 0 0 0 0 0 0 6 0 0 0 0 0 0 0 0 11 0 0 0 0 0 
0 8 0 0 9 0 0 13 0 0 0 0 0 0 0 13 14 0 0 0 0 0 12 0 0 8 0 0 0 0 0 0 0 
0 0 0 0 0 0 0 0 0 0 9 11 0 0 0 0 0 0 0 0 10 0 7 0 0 10 0 0 0 0 0 12 0 
0 0 0 0 0 0 0 0 0 0 0 0 0 0 12 0 0 0 0 0 0 12 6 10 0 0 0 8 0 13 0 0 0 
0 10 0 10 0 11 0 0 0 0 0 10 0 14 0 0 0 0 0 0 0 0 0 9 0 7 13 0 0 0 0 0 0 
13 10 0 0 0 0 0 0 0 0 0 10 0 0 0 0 0 0 0 12 0 0 0 13 0 9 11 0 10 0 0 0 0 
0 0 0 11 0 0 0 0 0 0 0 0 7 0 0 0 0 12 0 0 0 12 0 0 0 0 8 11 0 0 0 0 0 
0 0 0 0 0 0 0 10 0 0 0 10 0 0 0 9 0 0 0 0 0 0 12 9 8 0 0 0 0 0 9 0 0 
0 0 0 0 0 0 0 0 0 11 0 0 10 0 0 0 0 0 10 0 0 10 5 0 0 11 0 0 0 0 0 0 0 
11 0 0 9 0 0 0 0 0 0 0 5 0 0 9 13 0 0 0 9 0 0 0 0 8 0 0 0 0 9 0 0 0 
0 0 0 0 0 0 7 0 12 0 0 0 0 0 10 12 0 0 0 0 0 0 0 0 12 0 0 0 0 0 0 0 10 
0 0 0 0 0 0 0 9 0 0 0 0 0 0 0 0 0 0 0 7 0 0 0 0 0 0 0 0 9 0 0 0 0 
0 10 0 14 0 0 0 0 11 0 0 8 10 0 9 0 9 13 0 0 0 0 9 0 0 8 0 0 0 0 0 0 0 
6 0 0 0 0 0 0 11 0 0 0 0 0 0 0 0 0 7 0 12 0 0 0 0 0 0 0 0 0 10 0 0 0 
0 0 0 0 0 9 9 0 0 10 10 9 0 0 0 0 0 0 0 0 0 0 0 14 0 0 0 0 8 0 0 0 0 
0 0 0 0 0 12 0 12 0 0 0 0 0 12 10 0 0 0 0 0 0 0 0 0 0 0 11 0 12 9 0 0 11 
6 11 0 0 0 9 0 0 0 10 0 0 0 9 0 0 0 0 0 0 0 13 13 0 0 0 14 0 0 0 0 0 10 
6 0 0 0 10 0 0 0 0 0 9 0 0 8 0 0 12 0 0 0 0 11 9 9 0 0 0 0 10 5 0 0 11 
0 0 0 0 0 0 0 8 0 0 0 0 0 8 7 0 0 0 0 0 0 0 0 9 0 0 0 6 0 0 0 0 0 
0 0 0 0 10 0 0 0 9 0 0 0 0 0 0 0 10 10 0 0 9 0 0 0 0 0 0 0 0 0 0 0 0 
9 0 0 0 8 0 0 9 0 14 0 0 0 14 0 0 0 0 0 0 0 0 0 0 0 0 0 0 0 11 8 0 0 
0 11 0 0 10 0 15 0 0 0 0 0 0 0 0 0 0 12 0 0 0 9 8 0 0 9 0 0 10 0 0 13 0 
0 11 0 0 0 0 10 0 13 0 0 11 0 0 7 0 0 0 0 0 0 0 0 0 0 14 0 0 0 0 11 7 0 
0 0 0 0 9 0 0 0 9 12 0 0 0 0 0 0 5 0 0 0 0 8 0 0 0 0 9 0 0 0 0 8 0 
0 0 0 12 0 0 9 0 0 9 0 0 11 9 0 0 0 0 0 13 11 0 0 7 0 0 13 0 0 0 0 0 0 
10 0 0 6 10 0 0 0 10 0 0 11 0 11 0 0 0 0 0 0 0 9 0 5 0 0 0 11 0 0 0 0 0 
0 0 7 0 0 0 0 0 0 0 0 0 0 0 0 0 12 0 0 0 0 0 0 12 0 0 0 0 0 0 0 7 0 
0 0 0 0 0 0 0 0 0 8 0 0 11 0 0 0 0 0 0 0 0 16 0 0 9 0 0 0 0 17 0 0 0 
0 0 0 0 0 0 0 0 0 0 0 11 0 0 0 12 0 0 11 0 0 0 0 0 0 0 12 0 0 14 0 0 0 
0 0 0 0 0 0 0 0 12 7 6 0 0 0 0 0 0 0 0 12 0 10 0 0 0 0 0 0 12 0 0 0 0 
12 0 0 0 9 0 0 0 0 12 0 9 0 0 0 0 15 0 0 0 0 0 0 0 0 0 0 11 0 5 12 0 0 
8 0 10 0 0 0 0 0 8 9 0 0 0 0 0 0 0 0 0 0 0 0 11 0 0 0 9 0 13 0 0 0 0 
0 0 0 0 0 0 7 0 0 0 0 0 0 0 13 0 0 0 0 8 12 0 0 0 8 0 0 0 0 0 0 0 0 
0 9 14 8 10 0 0 0 0 0 0 0 0 9 11 0 9 0 0 0 0 0 10 0 0 0 0 7 0 12 0 0 0 
0 0 0 0 0 12 7 0 0 0 0 13 0 0 0 6 9 0 0 12 0 0 0 0 11 11 13 8 0 0 0 0 12 
14 0 0 0 0 0 0 15 0 0 0 0 10 0 14 0 0 13 0 0 0 0 0 0 0 0 0 0 0 0 0 0 8 
0 13 0 11 0 14 8 0 0 0 0 11 11 0 9 0 0 0 0 0 13 11 0 0 9 0 0 0 0 12 0 0 0 
0 0 9 18 0 0 0 10 0 0 0 0 0 10 0 11 0 9 8 9 10 0 0 0 0 0 0 0 0 7 8 11 0 
0 0 0 0 0 0 0 0 0 11 0 0 0 0 9 0 0 0 14 0 0 0 0 0 0 0 0 10 0 0 0 0 0 
0 0 8 0 0 0 0 11 0 0 0 0 0 0 0 0 0 12 0 0 0 0 0 0 0 0 0 0 0 0 0 0 0 
0 0 0 0 0 0 0 11 0 0 0 8 11 10 13 0 0 4 0 0 0 0 0 0 0 0 10 0 13 0 0 0 13 
0 0 0 11 0 0 11 0 0 0 0 0 0 0 0 0 12 4 0 0 0 0 0 0 0 0 0 0 0 0 0 11 7 
11 0 0 0 10 0 0 0 0 0 0 0 0 0 0 0 0 0 0 0 0 0 0 0 0 9 9 0 0 0 11 0 0 
0 0 10 0 7 10 0 0 0 0 0 0 0 0 0 0 0 12 0 0 8 0 0 0 8 0 0 0 0 0 9 0 0 
12 10 0 10 0 0 0 0 0 0 0 13 0 0 0 0 0 0 0 0 0 0 10 11 0 10 0 12 0 0 12 0 0 
0 0 10 0 0 0 0 0 11 0 10 0 0 0 0 0 0 5 0 0 0 0 0 0 0 0 0 0 12 13 9 12 0 
0 0 0 0 0 0 0 0 0 0 13 0 0 0 0 0 12 10 0 6 11 9 0 0 0 0 0 0 0 0 0 0 0 
8 0 0 0 0 12 7 13 0 0 13 0 0 0 0 0 0 0 5 0 10 10 0 0 0 0 0 0 0 0 0 11 0 
0 0 0 0 9 0 0 0 0 12 0 0 0 0 0 0 0 11 0 0 9 0 0 0 10 0 0 0 0 0 0 0 0 
13 0 0 0 0 0 0 0 0 0 0 0 0 0 0 0 0 0 0 0 0 0 0 0 0 0 0 13 0 0 0 0 0 
0 0 0 0 0 0 0 12 0 0 10 0 10 0 11 7 0 0 0 0 0 0 0 0 0 0 0 0 0 13 0 0 0 
0 0 7 0 6 0 0 0 0 0 0 0 0 0 9 0 0 0 0 0 0 0 0 0 0 0 0 0 0 0 0 0 0 
0 0 0 0 0 0 9 0 0 0 0 0 12 0 0 0 10 0 0 0 10 0 10 0 0 0 0 0 8 9 0 0 0 
0 0 0 0 0 0 0 0 0 13 0 0 0 11 0 13 0 9 0 0 0 0 10 0 0 0 0 0 0 0 12 0 0 
0 0 0 0 0 0 0 0 0 0 14 0 0 0 0 0 0 0 12 0 0 10 0 0 0 12 0 0 0 0 0 0 7 
0 0 0 0 0 0 0 8 0 0 0 0 10 13 0 12 13 0 0 13 11 0 0 0 0 0 10 0 11 11 0 0 0 
0 0 0 10 0 0 0 0 0 0 0 0 0 0 10 7 0 8 0 0 8 0 0 0 0 0 0 0 0 12 0 0 6 
0 6 0 0 0 0 0 11 0 0 0 0 0 0 0 0 0 0 0 0 0 0 0 0 0 15 0 0 0 10 0 0 0 
0 0 0 0 0 0 0 0 0 9 0 0 0 0 0 0 0 0 0 0 0 0 15 11 0 0 8 0 0 0 0 0 0 
0 0 0 7 0 0 0 0 0 8 0 0 10 11 0 0 0 0 0 0 0 0 10 0 0 0 0 0 0 0 0 0 10 
0 0 13 0 0 0 0 0 9 0 0 0 0 0 0 0 0 0 0 0 0 0 0 0 0 0 12 0 0 0 0 0 0 
0 0 0 0 0 0 12 0 0 0 8 0 0 9 0 0 0 6 0 0 0 0 0 0 0 0 0 0 0 0 7 0 0 
0 0 0 0 0 0 0 0 0 0 9 0 0 0 0 11 0 0 0 0 0 0 0 10 0 0 0 0 0 12 0 0 0 
9 0 0 8 0 0 10 0 0 0 0 10 0 0 0 0 0 0 8 0 0 0 0 0 0 0 0 0 0 9 0 0 0 
0 0 10 0 0 8 12 0 0 0 0 0 0 15 10 0 0 0 9 0 10 0 11 9 0 0 0 0 0 10 0 0 0 
0 9 12 0 0 7 11 0 0 0 0 10 0 0 0 0 0 0 9 0 11 0 12 0 0 0 0 0 0 0 0 0 0 
0 0 0 0 0 0 0 0 0 0 0 0 0 0 0 0 0 0 0 0 0 0 0 0 0 11 0 0 0 0 0 7 0 
0 0 0 0 0 0 7 13 0 0 0 0 0 8 0 0 0 0 0 0 0 0 0 11 0 0 7 0 0 0 0 0 0 
12 0 0 0 0 0 11 0 0 9 0 0 9 0 0 0 0 0 0 0 0 0 0 9 0 0 0 0 0 10 0 0 0 
0 0 0 0 9 0 0 0 0 0 0 0 0 0 0 7 14 0 7 0 0 0 0 0 0 5 0 0 0 0 0 0 0 
0 0 0 7 0 8 0 0 0 0 0 0 0 0 0 12 0 0 0 11 0 0 0 0 0 0 9 0 0 0 0 0 0 
0 8 12 0 0 0 0 0 0 0 9 0 0 0 0 0 11 12 0 0 0 0 8 0 0 0 0 0 0 0 0 0 0 
0 0 0 8 0 9 0 0 0 0 0 0 0 0 12 0 0 0 0 8 0 0 0 11 0 0 0 0 0 0 0 0 10 
0 0 0 0 0 0 9 0 8 0 0 10 0 0 0 0 9 0 0 0 11 0 0 0 10 8 0 0 0 0 8 0 5 
0 0 0 9 0 0 0 0 0 0 0 0 13 0 0 0 0 0 0 11 0 0 0 8 8 0 0 8 0 9 12 0 0 
0 0 9 0 0 0 0 11 0 10 0 0 0 0 7 0 0 0 0 0 0 0 0 0 0 0 0 9 6 11 0 0 11 
0 14 14 8 11 9 0 0 0 13 0 0 0 0 0 0 0 0 0 0 0 0 5 0 0 0 0 0 0 0 0 0 0 
0 0 0 9 0 0 0 11 0 13 12 0 0 0 0 0 10 0 0 0 0 0 0 0 0 9 0 0 0 0 0 0 0 
0 0 13 0 0 0 0 0 0 0 0 0 0 0 0 0 0 14 0 0 0 0 0 16 9 0 0 0 8 0 0 0 0 
0 0 0 8 12 10 0 0 8 0 0 0 9 0 9 0 10 0 9 0 0 10 0 0 0 0 0 0 6 0 0 0 11 
0 0 0 0 0 0 0 0 0 0 0 0 0 0 0 0 0 0 0 0 0 0 0 16 0 0 0 0 0 0 10 0 9 
