9 9 14 11 9 0 0 7 8 7 9 0 8 0 11 0 0 10 10 0 7 0 0 13 0 9 0 0 11 12 0 12 15 0 12 13 9 9 11 11 0 9 12 8 10 0 8 14 0 11 0 10 9 10 0 0 0 0 12 9 
0 0 9 9 0 11 11 10 8 7 0 8 0 8 0 0 0 0 0 9 0 9 10 0 0 9 0 0 7 13 0 0 0 10 12 0 0 10 0 0 8 10 0 11 9 10 11 0 0 11 0 0 7 0 13 7 0 0 0 7 
0 8 0 8 10 14 15 11 12 0 0 8 0 10 8 12 6 0 12 0 8 0 0 14 11 11 0 0 6 0 6 12 8 14 0 7 14 0 9 11 0 0 9 7 12 0 9 6 11 10 8 0 13 8 12 0 11 0 0 7 
12 9 14 9 0 14 0 10 0 7 11 0 12 12 0 7 10 6 12 11 9 11 9 11 13 15 0 8 0 0 13 10 0 0 0 10 0 0 13 0 0 9 0 12 10 0 12 10 13 10 8 10 10 9 8 11 9 0 0 0 
0 11 7 0 0 6 8 0 0 10 0 10 0 11 10 0 11 7 0 9 12 12 0 15 10 0 7 0 13 0 0 0 7 0 0 11 11 7 11 10 9 14 12 0 8 12 12 11 12 0 7 0 0 0 9 6 8 9 11 8 
9 0 0 0 10 9 11 7 9 0 11 0 0 0 8 0 14 13 10 0 0 13 0 10 0 10 8 0 11 12 7 0 0 9 16 11 11 0 0 9 0 0 11 8 14 0 14 0 0 10 0 12 11 0 0 0 0 0 0 9 
0 0 9 0 0 13 0 10 0 5 12 0 10 0 10 8 0 11 10 10 10 5 0 7 12 0 11 12 0 7 15 10 14 0 0 13 11 8 13 13 12 8 0 12 0 12 0 0 13 10 0 13 0 11 10 9 0 0 0 11 
10 0 13 0 0 10 9 0 9 0 13 10 0 0 5 12 0 9 10 0 0 11 0 0 9 13 0 9 10 6 0 9 0 0 0 11 0 7 7 0 8 0 8 14 11 13 10 9 10 9 8 0 10 8 9 12 11 0 9 0 
14 0 0 8 0 0 6 0 0 0 0 0 12 14 0 0 0 0 6 0 0 7 0 0 9 8 9 0 9 0 0 8 8 9 0 0 6 12 0 0 12 0 13 5 0 0 0 11 11 6 0 14 11 0 8 13 0 8 0 0 
16 11 12 9 0 7 0 14 7 9 10 0 0 12 14 0 0 0 12 11 11 0 8 8 0 0 0 0 0 8 13 8 13 10 0 0 0 0 9 9 12 0 11 0 0 7 9 10 7 0 11 0 13 10 0 0 0 0 0 11 
0 8 12 8 12 0 0 10 11 0 0 11 0 0 9 15 11 12 0 14 12 0 9 6 7 6 0 7 0 0 0 11 13 5 14 7 0 8 0 0 10 12 0 0 9 0 0 11 0 0 11 0 13 9 7 12 10 9 0 13 
9 8 10 12 9 12 9 0 9 0 0 0 0 8 13 13 13 13 10 9 0 0 9 0 8 0 10 0 10 0 8 0 0 10 4 0 0 0 0 9 0 0 11 0 10 8 8 8 0 12 13 11 9 0 0 6 8 10 0 9 
6 10 0 9 0 9 0 9 0 14 9 10 12 8 0 13 0 12 11 0 13 13 11 10 7 7 11 11 6 10 0 9 0 13 0 0 8 15 9 0 10 0 0 0 7 9 0 7 9 12 12 0 10 13 0 10 9 11 0 12 
10 11 8 12 0 0 11 12 7 0 0 0 10 11 12 10 0 4 10 9 9 0 7 0 14 0 0 11 0 11 9 12 0 13 0 0 0 10 0 0 11 13 12 10 0 9 13 0 0 0 9 12 8 8 13 0 10 7 8 10 
9 13 0 10 12 0 0 0 9 0 0 11 13 9 8 11 9 10 13 10 10 0 13 0 0 0 12 8 0 9 0 0 0 11 3 0 7 12 13 0 8 9 0 8 0 10 13 0 0 0 0 0 0 11 8 12 11 0 11 10 
10 11 11 12 11 10 10 0 0 0 10 0 0 0 9 12 0 0 0 9 9 8 9 16 0 8 0 11 11 0 0 0 13 0 0 10 0 0 11 5 13 0 11 0 8 10 0 0 8 0 0 0 0 0 0 0 11 0 7 0 
0 10 0 10 11 10 10 11 0 12 0 0 7 9 11 12 0 0 11 0 10 12 8 10 0 0 9 0 10 0 11 9 6 8 10 10 11 10 12 0 8 0 10 11 12 9 8 10 0 0 14 0 12 13 9 9 9 11 9 10 
6 0 7 7 0 9 8 10 13 13 0 0 3 9 10 11 11 11 15 14 0 12 0 10 0 0 9 0 12 9 9 11 10 9 0 9 10 7 0 0 9 12 10 0 0 14 0 8 12 0 0 10 7 0 11 0 12 13 13 0 
9 0 11 0 12 0 9 0 0 0 12 9 0 0 6 8 0 10 11 10 0 9 10 0 7 0 0 0 13 0 11 0 0 0 11 14 0 10 0 0 8 9 7 11 0 0 0 0 7 12 0 0 9 10 8 0 0 12 13 0 
7 0 10 7 0 0 10 10 0 0 0 10 13 13 0 9 0 9 8 0 0 0 9 10 0 0 11 17 0 7 12 11 0 10 0 0 13 10 7 11 11 10 10 13 11 8 7 0 9 14 0 0 0 11 7 10 0 10 0 0 
9 12 0 13 9 10 12 10 11 10 0 10 0 10 12 8 8 13 10 0 0 8 0 0 7 11 0 11 8 10 0 13 13 9 11 9 10 6 0 9 0 10 7 7 0 10 0 0 0 10 0 13 9 10 0 0 13 9 10 11 
0 0 8 0 0 0 0 11 11 0 9 12 0 7 0 0 0 3 10 9 15 9 11 0 0 0 11 0 0 0 0 0 0 10 0 0 0 6 13 9 0 0 9 0 12 9 9 0 0 9 8 0 0 6 0 12 10 12 0 10 
0 9 0 0 9 9 14 0 12 13 7 0 9 7 10 0 12 9 0 10 5 10 8 0 16 10 0 13 8 0 11 13 12 0 8 6 0 0 8 0 12 9 0 0 10 11 0 0 0 8 10 6 0 0 13 11 0 0 0 0 
11 0 0 10 0 10 0 10 11 0 9 13 9 8 0 0 11 7 13 14 0 8 0 6 0 0 0 0 0 8 7 8 0 0 0 11 10 9 0 0 11 0 13 0 7 10 8 9 10 0 0 11 0 11 0 11 14 0 9 13 
10 9 7 11 8 7 12 9 11 14 9 10 0 12 13 0 14 10 14 9 10 12 12 12 0 9 11 10 0 10 10 11 0 0 17 6 0 12 0 13 0 8 7 8 0 0 10 6 13 10 10 0 8 12 11 0 0 0 12 0 
9 0 8 0 11 11 11 0 0 11 0 11 10 0 0 11 0 9 10 0 10 0 12 0 9 14 11 7 8 9 11 0 0 0 0 0 16 14 0 0 10 0 5 5 10 8 12 8 0 10 0 0 0 7 9 0 0 0 0 10 
0 15 0 10 14 0 10 0 0 11 0 0 12 10 0 0 11 0 12 0 0 12 13 0 15 0 0 11 0 10 7 0 0 8 11 0 0 11 9 9 0 9 12 0 13 0 8 9 0 10 14 10 0 0 0 0 0 10 0 6 
6 0 11 9 0 10 0 8 0 0 9 8 11 0 11 12 0 9 0 12 15 0 0 11 6 11 13 0 10 0 10 5 0 10 8 0 11 11 0 13 8 0 10 10 6 13 9 13 9 0 13 12 0 0 0 10 9 0 10 0 
0 0 0 9 11 12 11 10 10 13 13 9 10 0 0 0 0 0 0 10 12 0 0 10 10 10 0 12 0 10 7 8 0 7 0 0 10 0 10 0 0 6 0 6 12 0 10 12 10 0 8 11 8 10 15 8 13 0 10 0 
11 0 0 0 10 10 0 7 12 11 7 8 7 12 0 0 11 15 5 8 11 0 0 0 10 0 0 7 0 0 0 0 0 0 12 0 9 0 0 0 10 0 0 12 12 0 11 0 6 0 7 8 13 0 13 0 8 8 9 9 
0 14 0 0 8 12 11 9 11 11 11 9 9 9 11 13 0 8 0 0 0 8 7 9 0 0 0 9 8 13 0 11 10 10 8 0 11 0 0 13 10 0 0 0 10 10 0 13 0 0 0 9 0 9 0 8 0 0 0 0 
0 0 0 10 10 8 0 13 8 9 6 0 0 0 0 9 10 0 0 14 9 8 0 0 0 12 9 12 12 10 9 0 0 0 10 0 0 8 0 0 10 0 0 6 9 10 0 0 9 11 13 11 0 0 0 0 14 10 12 0 
8 11 0 11 0 0 12 8 12 0 0 0 0 0 0 12 0 11 7 0 7 10 10 10 0 0 0 13 0 0 0 0 10 0 0 0 0 9 13 11 8 12 0 9 6 10 0 0 17 8 9 7 13 0 10 11 9 11 0 0 
0 0 0 12 11 0 7 9 0 0 13 9 8 0 13 0 10 12 8 8 8 0 0 8 0 0 0 0 0 0 10 8 0 8 7 0 5 0 8 8 9 10 0 13 9 0 0 0 6 0 12 0 13 0 0 0 0 13 0 11 
7 6 5 11 13 14 0 12 0 9 0 0 9 11 8 13 9 10 6 0 0 9 10 0 0 0 11 11 9 9 0 0 9 0 12 6 0 10 0 0 7 9 9 13 11 14 0 0 11 9 8 0 11 8 10 10 0 14 7 0 
8 0 11 0 0 12 8 11 0 9 8 9 13 0 0 10 8 8 8 7 7 0 9 0 0 10 0 10 0 9 10 14 14 11 7 9 10 0 7 0 7 0 0 8 10 9 0 0 6 10 11 8 0 10 8 0 11 6 10 10 
12 0 0 10 0 0 10 9 8 12 0 0 12 0 10 8 0 10 11 0 10 10 0 0 14 9 10 11 10 9 11 8 8 10 0 7 11 0 0 0 7 0 0 10 11 8 7 0 0 9 0 15 7 0 0 8 0 13 13 8 
8 9 10 11 12 9 9 0 11 0 9 9 14 7 9 7 11 7 14 7 9 0 0 8 10 12 0 13 9 0 9 0 0 0 10 0 0 0 12 9 11 0 0 11 14 0 0 8 12 9 0 8 13 12 7 11 10 10 0 0 
0 8 14 9 12 10 0 12 11 0 0 0 0 0 8 10 12 0 0 0 0 11 14 0 0 0 0 9 11 0 9 0 11 12 13 10 13 0 11 9 9 8 7 0 12 0 7 0 9 0 9 0 8 9 0 0 0 0 10 9 
11 10 0 6 0 7 0 7 11 7 7 10 13 0 14 10 11 8 11 10 9 7 0 10 10 13 0 0 12 10 0 13 10 9 0 0 10 9 0 13 7 8 12 0 9 0 0 12 10 0 11 0 0 12 8 0 0 0 0 7 
10 13 0 0 0 13 10 11 13 11 11 0 0 10 0 0 7 0 0 0 11 6 10 8 10 17 0 9 11 11 12 0 12 12 13 8 0 8 0 10 0 14 0 8 0 0 0 7 8 5 11 8 9 0 8 12 10 9 10 12 
11 11 0 9 10 0 0 12 0 0 10 7 9 6 9 0 10 0 11 0 9 15 11 0 0 10 0 8 0 0 12 0 0 8 0 10 8 0 0 8 13 9 14 0 0 0 8 0 0 0 0 0 0 13 7 10 0 10 9 9 
0 0 0 0 12 9 9 12 10 0 11 11 10 11 0 0 9 0 0 0 13 13 0 0 12 11 0 9 7 0 12 0 0 0 7 0 0 0 13 11 14 10 0 0 11 11 0 0 13 9 12 13 0 10 11 0 0 0 7 0 
0 0 0 8 13 11 7 11 9 14 12 0 10 0 11 0 10 0 14 13 8 0 7 11 0 0 0 0 0 8 0 0 12 0 0 0 12 11 11 4 8 12 0 0 9 0 9 13 0 0 9 6 0 10 14 8 0 12 11 0 
0 0 16 0 6 12 8 0 7 0 0 0 0 6 12 10 0 8 12 0 11 10 12 11 0 0 12 0 9 12 15 14 0 0 9 12 12 6 6 0 0 0 13 6 0 12 12 5 13 12 10 10 9 12 0 12 0 0 6 15 
9 0 0 0 5 0 12 0 0 9 10 12 10 9 9 0 10 0 0 0 15 16 10 12 0 0 11 0 0 7 8 11 8 0 12 11 14 8 12 9 0 10 8 6 0 12 11 7 0 9 12 0 0 0 0 10 9 6 0 8 
10 12 7 12 8 0 12 0 0 0 0 10 0 9 0 0 14 0 11 0 13 7 7 9 12 0 9 0 12 10 8 0 14 0 0 10 0 0 0 0 0 0 0 0 14 10 0 0 0 0 0 11 14 0 0 9 13 8 0 0 
8 10 9 11 10 0 12 7 7 8 12 11 11 12 0 0 12 0 12 11 12 0 9 0 9 0 9 10 0 0 9 0 6 0 0 0 12 0 0 0 0 0 0 0 8 12 8 0 13 12 0 0 12 11 0 10 0 12 0 8 
10 0 10 13 0 0 0 14 0 10 12 8 0 7 10 11 0 11 0 12 9 0 11 10 10 7 0 11 7 0 0 10 10 10 0 0 0 0 10 0 7 14 9 15 0 0 12 0 0 9 10 0 15 0 12 6 0 10 8 12 
0 0 9 10 10 0 12 12 12 0 8 9 12 6 8 0 14 9 6 9 14 0 12 8 9 9 11 10 12 12 11 7 0 0 8 0 11 8 12 12 0 0 0 13 10 9 9 0 0 0 10 0 10 13 0 8 10 0 6 8 
0 0 8 0 0 11 0 12 10 0 11 10 14 0 8 0 12 10 12 0 0 11 8 0 0 0 9 13 0 8 10 0 9 0 0 0 10 9 13 13 10 0 0 0 9 0 0 11 0 11 0 0 6 0 9 12 0 10 7 7 
7 8 11 10 9 7 0 0 0 8 6 10 11 0 8 0 12 9 10 8 15 14 10 7 9 13 6 10 12 11 0 9 0 0 0 8 12 0 0 14 12 8 0 10 10 0 12 0 13 11 0 9 9 11 12 7 0 14 12 7 
0 15 15 10 12 11 8 0 0 10 10 12 0 12 11 0 10 0 9 0 0 0 10 10 15 0 15 8 0 10 8 0 9 9 8 0 8 10 12 11 9 9 11 12 10 0 0 12 0 8 11 0 0 12 0 0 10 0 9 0 
0 10 7 11 0 10 11 9 10 9 13 12 10 8 8 13 9 12 7 0 10 11 10 9 12 6 10 11 9 0 9 0 8 11 7 11 11 0 14 9 0 8 10 0 8 12 8 0 11 0 0 11 0 10 6 0 0 9 11 7 
0 11 14 0 0 0 0 0 6 0 0 11 10 0 12 0 12 0 8 7 0 10 0 15 0 5 0 10 8 13 0 9 11 13 9 0 8 14 12 11 0 0 8 0 6 10 9 7 0 10 6 9 0 8 0 0 8 12 0 10 
7 0 14 9 11 11 9 0 13 0 0 0 11 10 11 7 12 8 0 8 0 0 9 11 8 12 9 0 0 0 10 0 0 9 12 0 7 11 0 7 13 12 11 13 0 0 0 11 12 9 0 9 7 10 12 9 0 11 0 0 
0 0 11 0 11 0 6 9 16 0 0 10 0 9 10 0 9 12 8 12 11 6 0 7 7 0 9 0 8 9 12 13 10 0 0 0 14 0 0 8 9 0 0 0 0 10 0 0 12 9 8 0 11 0 10 10 0 8 9 0 
11 11 7 8 0 0 0 11 10 10 0 0 0 0 8 10 0 0 13 12 11 0 11 0 11 10 8 11 15 0 14 11 11 9 8 11 0 10 0 13 12 0 14 10 8 9 12 8 0 0 12 0 0 0 0 0 0 10 0 7 
0 11 11 11 9 11 8 10 9 11 13 0 0 0 9 0 11 12 0 11 0 0 13 8 12 14 0 0 0 12 11 9 9 0 0 11 0 0 10 9 11 8 0 0 10 0 0 0 10 8 0 10 0 0 10 10 0 12 0 0 
11 0 11 11 10 0 0 12 9 12 0 11 6 8 0 10 0 6 0 0 0 10 0 0 12 0 0 0 13 9 0 0 0 7 12 0 12 0 12 0 13 11 9 12 9 0 14 0 9 8 0 11 7 0 0 11 7 12 12 6 
