9 0 0 0 0 0 0 0 0 0 0 0 0 0 0 0 0 0 0 0 0 0 0 0 0 0 0 0 0 0 0 0 9 0 9 0 0 0 0 9 0 0 5 14 10 0 0 11 0 0 0 0 0 0 0 0 0 0 0 0 0 14 0 0 8 0 0 0 0 8 0 0 7 0 9 0 11 0 0 9 0 8 0 0 0 0 12 14 11 10 0 0 0 9 12 10 11 13 0 0 13 9 0 0 0 10 0 10 0 0 7 0 0 0 12 9 0 0 0 0 
0 9 0 0 0 0 11 0 0 0 0 0 10 0 12 0 0 9 0 0 0 0 0 9 11 0 0 0 0 0 0 0 0 0 10 7 0 0 0 0 11 0 11 0 0 12 0 0 0 8 0 0 10 9 0 0 0 10 0 0 11 0 0 0 0 11 11 0 0 9 0 0 9 0 13 15 7 0 0 0 0 0 0 0 0 0 0 0 10 13 0 0 0 0 0 0 0 0 0 0 10 0 6 0 0 14 10 0 0 0 6 0 15 11 8 0 0 11 9 0 
11 0 0 8 0 0 0 0 0 6 0 0 0 9 0 0 0 0 0 0 10 0 0 6 0 11 12 0 0 0 0 0 11 13 9 0 8 0 0 13 0 0 0 10 6 13 0 0 0 0 9 0 0 0 0 0 0 0 11 8 0 10 0 0 0 0 8 0 0 0 12 11 0 0 0 0 0 0 0 0 10 6 0 0 0 13 0 0 0 0 0 10 0 0 0 11 0 8 0 0 0 0 0 10 0 6 0 10 0 0 0 10 0 0 0 11 8 0 7 10 
0 0 0 0 0 0 11 0 0 0 0 0 0 7 0 0 8 8 0 0 0 0 0 0 0 0 0 0 9 0 0 0 13 11 0 7 8 0 0 9 10 0 0 0 0 9 0 0 0 0 0 0 0 0 8 8 0 0 0 0 11 0 0 0 10 0 0 10 0 6 0 0 0 8 0 14 0 0 0 0 11 7 0 0 0 0 0 8 0 0 0 0 0 0 0 0 8 0 0 0 0 0 12 11 0 0 0 0 14 0 0 0 10 8 0 0 11 11 0 0 
0 7 10 0 0 0 0 0 0 0 0 0 0 7 0 0 0 0 11 0 0 0 0 0 0 12 0 10 0 0 0 9 0 10 0 0 11 11 0 0 0 0 0 0 0 0 0 11 11 0 11 0 0 0 10 0 0 10 11 0 0 5 5 0 0 8 0 0 0 0 7 0 0 14 0 10 0 0 0 0 0 0 0 0 0 14 0 9 0 0 0 0 0 13 0 0 9 0 0 0 11 9 14 0 0 0 12 13 0 12 0 10 0 9 9 0 0 0 0 12 
0 0 0 0 13 8 0 7 0 0 0 10 0 8 0 0 0 10 0 0 0 0 0 11 0 8 7 11 15 13 0 0 0 12 10 11 0 9 0 10 0 0 0 0 0 9 9 0 0 0 12 10 0 10 0 0 10 0 0 0 0 0 0 0 7 0 0 9 7 12 0 6 0 11 0 0 10 0 0 0 0 0 0 0 0 0 6 6 0 0 10 13 0 0 0 0 10 0 0 0 9 9 0 0 0 0 0 14 6 0 0 0 0 0 0 0 11 0 0 0 
13 11 6 11 0 11 11 4 0 0 0 0 0 14 10 0 0 0 0 0 0 0 11 0 0 9 12 10 7 15 0 0 0 12 0 0 0 11 0 0 0 0 0 0 0 0 0 0 0 0 11 0 0 0 0 0 0 0 14 0 0 0 0 0 0 0 11 0 0 0 13 0 0 0 0 0 0 0 0 0 0 0 0 0 0 0 0 0 0 0 0 12 0 0 0 4 0 0 13 0 0 0 0 0 0 0 0 0 0 10 0 0 11 10 12 0 0 10 0 0 
9 7 0 9 0 0 11 0 0 0 9 12 0 0 0 12 0 0 12 0 0 12 0 10 0 0 9 0 0 13 0 0 15 0 0 7 0 10 0 0 0 0 0 10 0 0 0 13 0 0 0 0 9 0 9 10 9 9 12 7 0 0 0 0 0 11 0 0 7 0 0 0 11 0 0 0 0 7 0 9 0 0 0 0 11 0 0 6 0 0 9 10 9 0 0 12 0 0 0 9 0 0 0 0 10 0 0 0 0 0 0 0 0 0 0 0 13 0 9 0 
0 11 0 0 8 0 0 0 0 0 0 0 0 0 9 0 0 0 0 8 0 0 0 0 0 0 9 0 0 8 0 0 0 0 0 0 0 0 0 8 0 0 0 0 0 0 14 0 12 10 0 0 0 0 0 0 9 0 0 0 0 0 10 0 0 0 0 0 14 0 9 0 0 0 0 0 0 13 11 0 8 0 0 0 8 11 0 11 0 0 9 0 0 0 0 9 0 0 7 9 0 0 0 0 0 12 0 0 15 0 0 0 10 10 4 11 0 0 9 0 
11 0 10 9 0 0 0 0 0 10 0 0 0 0 12 0 0 0 15 0 0 0 9 0 12 0 0 0 12 0 0 0 0 0 0 0 10 12 0 0 13 0 7 0 7 0 0 12 9 0 0 9 0 0 9 13 12 14 0 8 11 0 13 0 0 12 0 0 11 0 11 0 0 9 0 9 0 0 0 0 0 0 0 0 7 10 0 0 0 9 9 0 0 0 0 0 0 0 0 0 0 0 0 0 0 0 0 9 0 8 0 15 0 0 0 0 0 0 0 0 
0 0 0 0 11 7 14 8 13 10 0 13 0 8 0 0 0 0 0 9 0 9 0 0 0 0 7 12 0 0 12 0 13 0 8 0 0 0 8 0 11 0 0 0 10 0 0 11 0 5 0 0 0 12 0 0 14 0 0 7 0 0 0 0 0 9 0 0 0 9 0 0 10 9 8 0 12 12 0 0 0 11 0 9 0 7 0 13 0 0 10 0 0 0 10 0 0 0 0 7 0 0 0 0 0 13 10 0 0 8 0 0 0 0 0 7 6 0 12 10 
0 7 0 0 0 0 0 0 0 0 0 6 11 0 9 0 0 0 9 8 11 0 0 0 0 0 0 0 11 0 0 0 0 0 0 6 0 0 0 0 0 0 0 0 9 0 0 0 0 0 10 9 0 0 0 14 0 0 0 0 11 10 10 5 10 10 0 0 0 0 7 0 0 9 0 0 0 0 12 0 0 8 0 0 0 0 0 13 0 0 12 0 0 0 0 11 9 0 0 12 0 10 13 0 0 12 0 0 0 0 9 0 0 12 0 0 0 10 10 10 
10 0 0 0 0 0 0 0 12 9 0 0 0 0 0 0 0 8 12 0 0 0 0 8 0 0 0 0 0 0 0 0 10 0 0 0 0 0 0 0 9 0 10 7 0 0 0 0 0 0 0 0 0 0 12 0 9 0 0 10 0 14 0 0 10 0 0 0 0 14 9 0 0 0 0 11 7 0 0 0 11 0 12 0 0 0 0 8 0 0 8 0 0 0 0 0 10 0 0 0 0 0 0 11 12 0 9 11 0 0 0 0 0 12 11 0 9 0 9 0 
0 0 0 0 0 0 0 0 9 12 8 12 0 0 0 0 0 0 0 0 12 0 0 7 10 9 8 12 10 0 12 9 0 10 0 12 0 0 0 0 6 7 0 0 0 0 0 0 0 0 11 0 0 0 0 9 0 6 0 0 0 0 0 10 0 10 0 0 0 0 0 0 0 0 11 0 11 10 0 8 10 0 0 10 0 0 0 0 0 13 0 0 8 13 0 0 13 8 0 7 0 0 0 0 0 7 0 0 0 5 0 0 0 0 0 0 0 0 0 0 
0 0 0 0 0 13 0 0 11 0 0 0 0 0 11 0 11 10 0 0 0 0 0 4 8 9 0 13 0 0 0 0 13 0 0 0 0 0 0 0 0 0 0 0 0 0 0 10 0 8 0 0 0 0 0 11 0 0 0 9 0 0 0 6 0 12 0 13 0 0 0 6 0 0 0 0 0 11 0 0 0 0 0 0 0 0 0 10 0 0 10 0 0 0 9 9 0 0 0 12 0 0 0 0 0 0 0 0 0 0 6 0 12 0 0 0 11 0 0 0 
9 0 13 0 0 0 0 0 0 0 12 0 0 10 0 0 9 0 0 13 0 0 0 0 10 0 0 0 0 0 0 11 0 0 0 10 13 0 0 0 0 0 0 10 11 0 0 0 0 0 10 12 14 0 7 0 0 0 0 0 0 13 0 10 10 12 12 6 0 10 0 8 0 0 10 0 0 0 0 5 11 0 10 12 0 0 0 0 0 12 0 0 0 0 0 0 0 7 8 0 12 0 0 10 13 0 0 0 10 0 0 0 11 0 0 0 13 0 9 8 
0 0 0 0 0 0 0 0 0 0 0 0 12 9 0 0 0 12 0 0 0 9 9 0 0 0 0 13 0 0 11 10 0 12 0 0 0 8 0 0 0 0 0 0 8 14 0 7 0 0 0 0 0 9 0 0 0 11 0 7 0 0 12 0 0 9 0 0 0 10 9 0 0 0 12 9 11 0 11 10 12 0 0 0 9 0 12 9 0 10 0 11 0 0 0 13 8 0 0 0 0 0 0 0 0 9 0 0 8 0 9 12 8 0 10 12 9 0 0 0 
11 0 0 0 0 13 0 7 0 0 0 0 0 0 12 0 0 11 0 0 0 0 12 0 0 0 0 0 0 0 16 0 0 0 0 0 0 12 0 0 0 0 0 0 0 0 0 0 0 0 0 0 0 0 12 0 0 9 0 0 0 0 0 0 0 0 0 0 0 0 0 0 0 0 0 7 0 0 10 8 8 0 13 10 0 0 0 0 0 0 13 0 10 9 0 0 0 0 0 0 11 0 7 7 11 13 0 0 0 0 0 0 0 0 8 0 0 12 9 0 
0 0 12 0 0 9 9 0 0 0 0 8 0 0 0 0 0 0 10 0 0 11 0 0 0 9 0 0 0 0 0 0 0 0 0 0 0 9 0 0 9 0 12 0 9 0 0 0 0 0 0 0 0 0 9 0 0 9 0 11 0 0 0 11 0 13 0 12 10 0 0 11 0 0 11 9 0 15 0 12 11 0 8 10 0 9 0 0 0 10 8 11 8 7 0 6 0 9 0 0 0 0 0 0 10 10 8 4 0 0 0 0 0 0 0 10 12 0 0 0 
0 0 12 0 0 0 0 0 10 0 0 0 0 14 0 0 0 0 8 7 11 0 0 0 0 0 0 0 0 8 0 0 0 0 0 0 0 0 0 0 7 0 0 0 15 9 0 0 0 0 0 0 0 0 11 0 11 0 0 7 0 0 0 11 8 0 11 0 0 12 0 10 13 0 0 3 5 0 0 9 0 12 9 0 0 10 0 0 6 0 10 9 8 0 0 0 0 9 7 0 0 9 10 11 13 8 0 12 0 9 10 0 0 0 0 10 9 0 0 0 
0 0 0 9 0 0 0 0 12 0 12 0 0 0 10 10 0 0 0 0 9 0 0 12 0 0 0 0 0 0 9 0 0 13 13 13 9 0 9 9 10 10 0 0 10 10 12 0 0 0 0 0 0 9 0 0 9 10 9 0 0 0 0 0 11 11 0 0 12 0 10 12 0 0 0 0 0 12 6 6 0 0 10 10 0 11 5 0 6 0 0 9 0 0 0 12 0 0 13 0 0 0 0 0 0 0 0 9 0 0 7 8 0 0 0 8 0 0 8 0 
12 11 9 0 0 0 0 12 0 0 0 0 0 0 0 0 11 0 0 0 0 0 0 0 11 0 8 0 0 10 0 11 0 0 11 10 0 11 10 11 14 10 0 0 0 0 0 0 16 0 10 7 0 0 0 0 0 0 0 0 0 0 8 0 0 0 0 12 0 0 8 8 10 0 0 9 0 0 0 0 0 0 0 0 0 11 14 0 9 0 9 0 0 11 0 0 13 0 0 0 0 0 0 0 10 0 0 0 0 0 0 0 0 0 0 0 9 10 0 0 
0 0 0 0 0 0 0 8 0 0 0 0 0 0 10 0 0 0 0 0 0 0 0 10 11 0 14 0 0 10 10 0 0 10 0 0 0 0 0 7 13 0 0 0 7 0 0 13 8 0 11 10 0 10 0 0 12 12 0 0 0 0 0 0 0 0 9 0 12 0 0 7 0 0 0 0 0 0 0 0 0 0 0 11 0 11 0 0 0 15 0 0 0 9 0 0 12 14 0 0 7 0 12 0 0 0 0 0 0 0 15 0 0 0 0 11 0 0 11 0 
0 0 10 0 10 0 0 0 11 10 0 0 0 0 0 0 7 0 0 0 0 0 0 0 0 8 12 11 0 0 12 0 10 0 0 11 11 0 0 0 11 14 0 12 0 10 11 12 0 0 0 0 0 9 0 0 0 10 0 0 14 0 0 0 11 0 0 0 14 0 0 0 0 7 12 0 9 0 0 10 6 12 15 0 0 0 11 0 12 0 8 0 0 11 6 0 0 10 0 8 0 0 14 0 5 7 0 6 0 0 0 0 0 0 0 0 0 0 9 8 
0 0 9 0 0 11 0 0 0 0 10 11 7 0 0 0 11 0 0 0 0 0 0 0 0 0 8 0 0 8 11 0 12 0 0 0 14 0 10 0 11 0 0 12 0 0 0 0 0 0 9 0 0 0 0 9 13 0 0 13 0 8 0 0 9 0 0 0 0 0 9 0 0 8 0 0 0 0 14 13 7 9 0 12 10 0 0 12 0 0 8 9 12 0 9 0 12 0 0 8 8 9 0 0 0 11 4 0 12 0 0 0 0 0 15 11 0 0 0 0 
0 0 0 0 0 0 0 0 0 0 8 0 0 11 0 0 0 0 0 0 0 0 0 7 9 0 0 0 0 0 0 8 0 0 9 0 0 10 0 0 9 11 0 6 13 0 11 0 9 11 14 0 0 0 0 11 10 9 0 9 9 0 6 0 10 0 0 0 11 0 12 0 0 0 0 0 0 0 0 0 0 0 0 0 8 11 0 0 0 0 0 0 0 0 0 0 10 12 0 0 0 5 11 0 0 13 0 0 0 0 0 0 0 0 8 0 12 8 7 0 
12 0 0 0 0 0 0 0 0 10 0 8 0 0 8 0 11 0 0 0 11 0 0 0 0 0 0 0 0 0 10 0 0 0 0 0 0 12 0 0 0 9 0 0 0 0 0 0 0 9 0 0 0 0 0 0 5 0 0 0 11 0 10 0 0 0 12 0 0 0 11 0 0 11 0 0 7 0 11 0 0 0 0 12 0 0 0 7 0 9 0 15 11 0 0 15 10 0 0 0 0 0 8 8 0 0 0 0 0 9 0 0 8 0 9 0 8 0 0 15 
0 10 11 0 0 0 0 0 10 0 0 0 0 0 0 0 0 0 0 0 0 10 0 10 0 0 0 0 12 10 11 0 9 0 0 8 8 12 10 6 6 0 0 0 0 0 11 0 0 11 0 0 0 11 0 6 0 0 0 0 11 8 0 11 0 0 0 0 0 12 0 0 13 0 0 0 0 0 0 9 0 0 12 0 0 0 0 10 0 0 0 11 0 8 11 9 0 0 14 0 0 7 0 0 11 4 0 0 10 9 0 0 10 0 0 9 0 5 13 0 
0 7 0 9 0 0 0 9 0 0 0 0 0 0 10 0 0 0 11 0 0 0 0 9 0 11 0 12 7 12 6 0 12 0 0 0 0 0 0 0 0 0 0 0 9 10 7 15 0 0 0 8 0 0 12 0 0 0 8 11 11 9 0 0 0 0 0 0 6 10 0 15 0 12 0 11 0 5 12 0 0 0 7 12 0 5 8 11 7 0 0 0 0 9 0 11 0 10 0 0 0 0 10 0 14 0 12 9 0 10 0 0 0 0 0 0 12 0 9 0 
0 0 0 9 13 0 12 11 9 0 0 10 13 0 0 0 0 13 0 0 11 0 15 0 8 0 0 0 9 0 6 0 0 0 0 10 0 0 0 0 11 0 9 7 0 10 0 0 0 0 0 0 0 0 0 9 0 12 0 0 0 15 0 11 0 0 0 11 0 0 9 9 0 0 0 9 0 0 0 0 0 0 11 8 6 7 11 0 0 0 0 0 11 0 0 0 0 0 0 0 0 0 0 0 0 0 0 0 0 0 0 0 0 11 10 0 0 0 0 9 
0 11 0 0 11 0 0 0 13 0 0 0 6 0 8 0 0 13 10 0 0 0 0 9 0 9 10 11 0 11 0 0 0 0 0 0 0 0 0 0 9 0 0 0 0 9 0 0 0 0 0 0 12 0 0 0 10 8 0 6 11 0 0 0 0 10 0 0 0 0 10 0 0 0 0 0 0 0 9 7 0 0 0 0 0 0 0 0 0 0 0 0 0 8 15 0 12 8 0 0 0 0 11 0 8 11 9 8 0 0 0 0 0 15 0 0 0 0 10 13 
8 0 0 0 0 14 0 0 0 0 0 0 0 7 0 0 0 0 9 0 7 0 0 0 0 0 8 0 0 0 0 9 10 7 0 0 0 12 0 0 0 0 0 0 0 7 0 0 8 8 0 0 0 0 0 0 10 0 0 10 11 7 0 0 0 12 0 11 0 10 0 0 11 0 0 0 9 0 0 9 0 0 0 6 10 0 0 0 12 10 0 0 0 0 0 0 0 0 12 0 0 0 14 0 0 9 0 0 0 0 0 0 0 0 0 7 0 0 6 0 
0 8 10 12 0 0 0 0 0 12 0 0 7 0 10 0 14 0 0 0 13 12 0 0 6 0 9 0 0 0 0 0 0 11 0 0 0 0 8 0 11 0 0 0 0 10 0 0 11 10 11 0 0 0 0 0 0 0 0 0 0 0 10 9 0 0 0 12 0 0 0 0 0 10 0 0 0 0 7 0 11 10 11 0 5 13 12 0 12 0 0 12 0 0 7 0 12 0 0 0 11 0 13 0 8 0 0 0 0 5 0 0 10 0 0 7 0 0 0 0 
0 11 0 13 7 10 0 8 9 0 0 0 0 0 0 10 11 0 0 0 11 0 0 0 12 0 0 0 0 0 0 0 7 0 0 0 0 0 0 0 9 0 10 0 0 11 0 0 0 0 0 8 0 0 10 0 9 16 0 0 0 12 15 0 0 9 7 0 0 9 10 0 10 0 0 0 0 0 0 0 0 0 0 0 0 0 8 7 0 0 7 0 8 0 0 0 0 0 8 10 0 0 0 0 10 11 9 0 0 0 0 0 0 0 0 0 8 9 8 0 
0 13 0 0 13 10 0 0 0 11 0 10 9 0 10 0 0 0 11 0 0 14 0 14 13 10 0 11 0 10 0 0 0 0 0 6 8 0 0 0 0 0 11 0 14 0 10 0 0 9 0 0 0 9 10 8 13 0 0 9 0 0 10 0 0 0 0 0 10 9 0 0 0 0 0 15 0 0 0 10 0 0 14 0 11 11 0 0 0 0 0 0 0 0 0 0 0 5 11 11 12 8 0 10 0 0 0 13 0 0 0 0 0 0 0 9 10 0 8 0 
0 0 12 0 0 0 0 9 0 12 0 10 11 0 0 9 11 11 11 0 0 7 10 11 0 8 0 0 14 0 11 0 9 0 0 0 0 10 0 0 10 0 0 0 0 9 13 10 0 0 0 0 0 0 9 12 0 0 11 10 8 0 0 9 9 9 0 13 9 10 7 12 0 0 6 0 0 0 0 0 0 0 0 0 13 0 9 0 12 0 0 0 12 0 0 9 0 0 0 13 0 0 10 13 0 9 0 0 0 0 12 0 0 12 11 0 0 10 0 7 
0 10 13 0 11 10 0 0 0 10 0 0 0 0 0 0 0 0 0 0 10 11 10 0 0 7 0 0 6 0 0 0 11 0 0 0 10 0 0 11 11 0 0 0 0 0 0 0 8 0 0 10 11 8 0 0 0 0 0 0 0 0 9 0 10 0 0 0 11 0 9 0 10 9 0 0 13 0 8 10 11 0 9 0 0 0 0 0 8 11 8 13 0 0 11 0 0 0 11 0 0 10 0 0 0 0 0 0 9 0 0 9 0 0 12 0 0 0 8 0 
11 0 11 0 0 0 10 5 0 9 0 0 0 10 0 11 0 0 0 0 6 0 13 0 0 0 0 0 14 0 7 0 0 0 0 0 12 12 6 0 0 9 0 0 0 0 0 0 0 0 11 0 10 0 0 14 9 0 0 0 0 12 9 0 0 0 0 0 0 14 0 0 0 0 0 10 0 0 8 0 0 7 0 0 0 12 10 0 0 0 0 0 6 0 15 0 0 9 0 0 10 12 7 5 0 0 0 0 0 10 0 17 0 9 0 0 8 0 13 0 
0 0 0 14 0 0 0 0 0 10 9 0 0 11 0 7 0 0 0 0 0 10 0 0 0 0 10 0 0 0 9 0 0 0 0 0 8 10 0 11 8 0 0 13 0 11 0 0 11 0 0 9 11 7 0 0 0 0 0 0 0 0 0 10 11 0 0 0 8 0 7 0 0 0 5 0 0 0 11 10 0 0 0 9 0 0 0 0 0 9 0 13 0 0 0 0 0 0 0 12 11 0 0 0 0 0 11 13 0 11 0 10 0 0 0 0 0 8 0 0 
0 0 7 10 0 13 0 0 0 14 0 0 9 0 0 9 0 0 10 0 0 0 0 0 0 0 0 10 0 0 0 0 11 11 7 0 0 0 0 0 0 0 0 0 0 0 0 8 10 10 0 0 14 0 0 7 0 0 0 0 0 0 7 0 0 0 0 0 8 0 7 0 9 0 0 0 0 11 10 9 0 8 11 0 0 0 0 9 0 11 0 0 11 12 7 0 0 0 0 0 0 0 0 0 0 0 0 0 0 0 0 9 0 0 0 0 11 8 0 0 
11 0 12 13 0 8 13 7 11 11 0 0 0 0 0 0 0 0 0 0 0 0 8 0 12 0 14 8 0 0 0 0 0 11 0 0 9 0 6 0 6 11 0 0 9 11 0 8 0 10 0 0 0 12 0 0 8 0 0 12 0 0 12 0 0 12 12 0 0 0 0 0 13 0 0 0 14 0 0 9 0 0 0 0 0 0 0 12 0 0 0 0 0 0 8 0 0 0 10 13 0 0 10 0 0 0 0 0 0 0 0 0 0 0 0 8 0 8 7 0 
10 0 0 8 0 0 0 0 0 0 0 0 10 0 0 0 14 0 0 0 0 0 0 0 12 0 0 0 0 0 9 11 12 0 11 0 0 0 14 0 0 0 9 9 0 0 12 0 0 0 0 0 0 0 7 0 0 10 0 0 0 11 0 12 0 0 0 10 9 9 14 7 0 0 0 0 13 0 0 9 0 0 0 0 0 0 0 12 0 6 0 8 0 0 14 0 0 0 0 12 0 11 0 9 0 0 0 0 11 0 0 0 9 0 0 10 0 0 9 0 
10 0 17 0 0 11 11 10 11 0 10 9 0 10 11 9 0 12 12 11 0 7 0 9 0 0 0 0 0 6 9 12 0 15 12 0 0 0 0 0 0 0 0 0 12 0 0 0 11 7 0 0 0 0 15 0 8 0 0 0 0 0 0 0 0 0 0 0 0 0 0 0 12 0 7 0 0 0 10 0 11 0 0 0 11 0 0 0 0 0 0 0 0 13 0 0 0 11 0 0 10 12 14 10 10 0 10 0 9 0 0 0 0 0 0 0 0 0 8 0 
0 0 0 0 0 0 0 8 0 0 0 11 0 10 0 0 0 11 11 13 9 0 0 0 0 0 0 11 0 0 10 13 0 0 0 0 0 9 0 0 0 0 0 0 0 9 0 0 0 8 0 11 0 0 0 0 0 7 0 13 0 5 14 0 8 0 0 0 0 0 0 0 0 7 8 11 11 0 0 0 9 0 0 0 0 0 0 0 0 14 0 11 0 11 0 10 0 10 0 0 0 0 12 0 8 0 12 0 0 0 0 0 10 0 11 10 0 0 0 8 
11 0 0 0 0 0 10 0 0 11 0 11 9 0 0 0 0 10 0 0 11 8 8 12 0 13 0 0 14 0 0 0 0 11 0 11 0 0 0 0 0 0 8 6 10 0 0 0 11 10 0 0 0 12 0 5 0 12 0 0 0 0 0 0 13 0 0 0 0 0 0 0 0 0 0 0 0 0 0 0 0 0 0 0 0 0 0 12 10 0 10 0 0 0 0 0 8 0 0 11 0 10 13 0 0 0 0 0 9 0 0 0 0 0 0 0 9 7 13 0 
12 0 0 0 0 0 0 0 0 0 9 0 10 0 14 0 13 0 0 11 0 0 0 0 10 0 0 0 0 9 11 0 0 0 0 0 0 0 0 0 0 7 13 0 11 0 10 0 0 0 8 0 0 0 0 0 0 0 0 0 0 0 13 0 0 0 0 0 0 10 0 0 8 0 0 0 0 10 11 0 0 7 11 0 10 14 0 0 0 0 0 0 0 0 9 0 0 0 0 0 0 9 0 6 0 0 0 8 11 0 0 8 14 0 0 0 0 11 14 11 
0 0 0 0 7 0 0 0 0 0 10 11 0 0 0 0 9 0 0 11 8 0 0 0 0 0 11 0 6 0 0 0 0 0 9 0 0 0 16 8 0 0 0 0 0 0 0 0 0 10 0 0 14 12 0 0 0 9 12 0 0 9 10 0 0 0 10 7 0 10 0 0 14 0 9 0 10 0 0 0 0 0 0 0 0 11 0 0 0 10 0 15 0 10 0 3 0 0 0 0 8 0 10 0 0 0 12 0 0 11 0 0 7 0 0 0 0 10 0 0 
8 0 9 0 0 0 0 0 0 0 7 10 0 0 0 0 14 0 0 0 0 0 0 9 0 0 10 0 13 9 13 0 11 0 0 0 0 9 0 0 0 0 0 6 0 0 13 0 9 12 12 0 0 0 0 0 8 5 11 0 0 10 0 0 0 0 0 0 0 0 0 0 0 0 0 0 0 0 13 0 0 11 0 15 7 0 10 12 13 0 0 0 0 0 0 0 0 0 0 0 0 8 0 0 0 0 0 0 0 0 11 0 8 0 0 0 0 0 0 0 
0 9 11 0 0 0 11 0 0 11 8 13 0 12 12 0 12 0 10 10 9 0 0 0 0 10 0 0 0 0 9 0 0 0 0 0 0 11 11 0 0 10 0 0 0 9 0 9 0 0 0 0 0 8 0 8 0 0 0 0 0 0 0 0 0 0 14 0 0 0 0 0 12 0 0 0 0 14 0 0 11 11 0 12 0 0 0 10 10 0 0 11 0 13 0 0 10 10 12 0 9 0 0 7 0 11 0 0 6 10 0 11 12 0 0 0 0 0 11 0 
0 0 0 0 0 0 0 0 0 0 0 0 0 0 0 0 0 10 0 0 0 0 0 10 0 0 0 0 0 0 0 0 0 0 7 0 0 0 13 6 0 0 11 7 7 0 0 0 8 0 0 10 9 11 0 0 0 12 0 0 9 0 0 11 0 0 0 0 0 0 7 0 0 0 0 0 0 0 16 0 0 0 0 15 0 10 0 12 0 9 0 7 0 0 0 13 7 12 0 0 0 0 0 7 0 0 0 0 11 0 0 0 0 0 11 0 10 9 7 0 
0 0 0 12 11 0 0 0 0 0 0 0 0 0 12 0 0 9 9 10 0 9 0 0 0 0 9 0 15 0 8 0 10 10 0 0 0 0 0 0 0 0 0 0 0 0 0 0 8 14 0 0 10 0 0 8 0 0 0 0 12 0 6 0 0 0 0 0 0 0 0 10 0 0 0 0 0 0 0 7 12 0 0 7 0 0 0 0 0 0 6 11 0 0 0 13 0 11 0 7 10 0 8 0 12 0 0 0 0 0 0 11 0 0 0 14 0 9 0 15 
9 0 0 0 0 0 10 0 0 0 8 0 0 9 9 0 0 0 12 11 0 0 0 0 8 0 0 0 10 10 0 0 0 0 10 0 0 6 0 0 0 0 0 0 7 0 13 0 0 11 9 0 0 0 8 0 0 0 7 11 10 11 0 14 0 12 8 0 0 0 0 9 0 0 0 10 0 0 0 0 0 0 0 0 0 0 7 0 0 9 0 0 0 11 0 10 11 0 0 10 0 0 0 0 9 10 0 13 0 13 0 0 0 0 0 9 0 13 0 0 
0 12 0 0 0 0 0 0 0 0 0 0 8 0 10 0 9 0 11 0 0 11 0 0 0 0 0 12 0 9 10 9 0 0 0 0 0 14 0 0 0 0 0 0 13 0 0 13 10 0 0 11 11 9 10 0 0 8 0 0 0 0 0 0 0 10 0 0 0 10 8 0 0 0 0 0 0 0 8 11 0 0 0 6 0 0 0 0 9 14 0 0 0 0 8 0 0 0 0 0 11 15 0 11 0 8 0 11 0 0 9 0 8 0 0 12 12 0 17 0 
0 7 0 10 0 0 0 11 0 0 0 0 0 15 14 0 0 7 7 0 0 0 0 9 0 0 0 0 0 0 0 0 0 6 0 0 0 0 9 10 0 0 0 0 11 0 0 9 0 9 0 9 0 0 0 0 8 10 0 9 9 0 0 0 6 0 0 0 0 0 0 11 0 0 0 0 0 8 0 11 10 0 5 0 0 0 0 0 0 0 0 0 0 11 0 0 0 0 0 0 0 0 0 0 18 14 0 0 0 0 7 11 0 0 11 0 0 13 0 0 
0 0 8 0 8 0 10 0 11 7 0 11 0 0 12 0 0 0 0 8 0 0 0 9 0 0 0 15 0 0 9 12 10 8 13 9 0 0 9 0 0 10 0 11 0 0 7 0 10 0 0 0 0 0 0 0 0 0 0 0 0 0 14 0 0 0 0 0 0 0 7 0 0 0 0 0 15 9 0 9 13 10 0 6 10 0 0 0 11 10 0 11 0 11 0 0 0 0 9 0 11 0 0 0 0 10 10 0 0 0 0 0 11 0 12 0 0 10 0 0 
9 0 0 0 11 0 0 0 0 10 7 11 0 12 0 0 0 0 13 0 11 0 0 0 6 6 11 0 0 6 0 0 0 0 15 10 0 0 11 0 0 0 0 7 0 0 8 0 7 0 0 5 0 0 0 0 0 12 0 0 8 0 0 0 0 0 12 0 0 0 11 0 0 0 10 0 0 0 7 0 0 10 0 0 8 0 0 0 6 12 0 5 4 12 0 11 14 0 11 0 0 0 0 0 0 0 0 0 0 9 0 0 4 0 0 0 11 0 0 0 
8 8 0 11 0 0 0 0 0 0 0 10 0 0 0 0 0 6 11 0 11 8 0 0 10 0 0 0 11 0 0 0 7 0 0 0 0 0 7 8 0 0 0 0 7 0 0 0 11 13 7 0 0 10 0 0 0 0 0 0 0 0 10 15 11 0 0 0 0 8 0 0 8 13 0 10 0 0 0 11 0 0 0 7 11 10 0 0 0 0 11 0 12 0 0 7 0 0 0 0 0 10 0 10 13 0 10 0 10 0 0 0 12 0 10 12 0 10 10 12 
0 0 0 0 0 0 0 0 0 0 10 0 0 0 10 0 0 10 0 12 0 0 6 10 0 16 14 0 0 0 0 0 11 0 0 0 0 8 0 0 0 0 0 0 11 0 0 0 0 0 6 0 0 0 11 8 0 10 0 0 10 0 0 0 0 0 13 0 0 0 0 12 0 0 0 12 9 0 12 13 0 0 0 0 0 9 0 0 0 0 7 9 0 0 0 0 13 0 0 0 0 0 13 0 0 14 0 0 0 10 10 0 0 0 0 0 0 0 12 0 
0 11 13 0 0 0 0 0 0 11 0 0 0 0 0 0 0 0 0 0 0 0 0 0 0 11 8 0 11 0 0 13 0 8 0 0 0 0 0 13 0 0 10 0 0 10 15 0 11 0 0 0 12 0 0 0 0 0 0 11 0 0 10 0 0 0 0 0 11 0 13 11 9 9 0 0 0 0 0 10 0 8 11 0 0 0 0 0 9 8 0 0 0 7 0 0 0 0 13 0 0 0 0 0 0 0 0 9 0 0 0 0 10 0 9 0 0 8 0 0 
0 0 0 0 0 9 0 11 0 0 0 0 0 9 0 10 0 0 10 13 0 0 0 0 0 0 0 0 0 12 0 0 0 0 0 0 14 0 0 0 0 10 0 0 0 11 0 9 0 0 0 0 0 0 0 0 0 12 0 0 0 10 0 0 0 10 0 10 0 11 0 0 0 7 12 0 9 0 0 11 0 0 0 0 0 0 0 0 9 0 8 13 0 0 0 0 8 0 0 0 0 0 0 10 0 0 0 0 13 0 0 0 0 0 9 14 7 11 0 10 
10 0 0 11 0 0 0 0 0 12 10 0 0 0 14 0 0 0 0 0 0 0 7 0 0 4 12 0 0 0 0 0 0 0 10 0 0 0 8 8 8 0 0 0 0 10 9 0 8 0 0 0 0 0 13 0 10 0 0 0 0 12 0 0 0 0 11 0 0 0 0 0 0 0 0 12 0 0 0 0 0 0 0 0 0 15 0 0 10 11 0 0 0 0 0 0 11 0 0 0 8 0 0 10 0 12 12 10 0 0 7 0 0 0 0 11 0 10 0 0 
0 0 9 10 0 6 0 0 0 0 0 0 0 0 10 12 0 11 9 8 0 0 7 0 0 0 14 0 0 10 0 0 7 12 0 0 0 10 0 0 0 0 0 12 0 0 0 0 7 0 0 0 0 0 0 0 9 0 0 0 0 8 0 0 10 0 6 0 0 6 0 0 10 13 0 0 0 0 13 0 14 9 0 0 0 11 0 8 0 0 11 0 0 0 0 0 9 0 0 10 0 0 0 0 0 7 0 0 0 0 0 0 0 10 15 0 0 9 10 0 
0 8 11 8 0 9 10 0 0 0 0 0 0 0 0 0 0 12 10 0 0 0 0 8 0 0 0 0 0 10 0 0 0 0 0 0 0 0 0 0 0 0 0 11 0 0 9 0 0 13 0 0 0 10 7 0 0 10 0 0 0 0 0 0 9 8 8 0 12 0 0 0 0 0 0 0 9 0 6 0 0 0 12 0 13 0 10 0 0 0 12 0 5 0 0 0 13 0 0 0 8 0 0 0 11 0 11 11 0 0 0 0 9 0 0 0 0 0 0 15 
0 0 0 0 0 7 0 11 0 11 0 0 10 0 10 0 12 12 9 11 0 0 0 0 0 0 0 0 0 13 0 9 13 0 0 0 0 12 0 0 0 0 11 0 0 0 0 0 0 11 6 7 0 8 13 0 0 0 12 0 10 0 0 8 0 0 0 12 0 0 0 0 0 0 12 0 0 12 7 12 0 0 11 0 0 0 0 0 10 7 0 0 0 0 8 0 0 0 0 0 0 0 0 0 0 0 7 0 10 0 0 0 0 0 0 0 0 0 0 0 
0 0 8 0 17 0 0 0 0 0 0 0 9 0 9 0 0 0 0 0 0 0 9 0 0 0 0 13 0 0 12 10 9 9 0 12 0 0 0 0 0 11 10 11 0 0 0 10 11 0 11 0 0 0 0 12 0 0 0 7 0 0 11 9 0 0 0 0 0 0 12 0 0 0 0 0 9 0 12 0 0 0 11 11 0 11 10 0 0 0 9 0 7 0 0 10 0 0 0 0 0 9 0 10 9 10 0 13 0 7 0 0 11 10 0 7 0 0 0 0 
0 11 8 0 0 0 9 0 0 8 0 0 0 0 0 11 9 13 10 8 0 0 0 0 0 0 0 0 9 0 10 0 0 7 0 0 13 0 12 0 0 10 0 0 7 0 0 0 13 0 0 11 0 0 6 0 8 0 12 0 0 0 0 15 0 12 0 0 0 0 0 0 0 10 12 0 0 8 0 0 0 0 0 10 7 0 0 10 0 0 0 12 8 11 0 0 11 0 0 0 10 0 0 0 9 0 11 0 0 11 0 0 13 0 13 0 15 7 13 0 
0 9 11 14 0 0 0 11 13 0 0 7 0 0 0 0 0 0 0 8 12 10 0 8 9 0 9 12 0 11 0 0 0 9 10 0 0 0 0 0 0 0 12 7 0 0 0 10 0 0 11 0 0 0 0 0 0 7 0 7 0 0 0 0 0 0 0 0 12 0 0 12 0 0 0 0 0 0 11 11 12 0 9 0 0 9 0 0 11 0 0 0 0 0 13 0 8 0 8 0 0 0 0 0 0 0 8 0 11 9 9 0 0 0 0 0 0 0 0 0 
12 12 0 0 12 6 0 0 0 9 0 0 0 0 0 11 0 0 0 12 0 0 0 14 8 9 0 0 10 0 0 0 0 0 0 0 0 0 0 0 8 0 0 0 13 0 0 0 13 8 0 12 11 0 10 0 0 0 0 0 10 11 0 0 0 0 0 6 9 0 0 0 7 0 0 0 12 0 0 13 8 0 7 0 0 9 0 0 8 11 0 11 0 12 0 0 0 0 0 6 0 11 13 0 0 0 0 6 0 0 0 0 0 12 0 0 11 0 0 0 
0 6 7 0 0 0 10 0 0 12 10 0 13 0 0 0 6 0 0 0 0 0 0 12 0 0 10 8 0 13 0 0 13 7 7 0 0 0 16 9 15 9 10 0 6 0 9 0 0 0 0 0 13 10 0 0 0 0 0 0 0 0 0 11 0 0 0 11 0 0 0 0 0 0 0 0 0 0 9 11 13 0 0 0 0 0 11 10 0 0 11 0 0 0 11 0 10 14 0 0 0 0 8 0 0 11 0 0 0 0 0 0 0 0 0 0 0 9 0 0 
6 0 0 0 0 0 11 0 0 9 0 0 8 0 12 5 8 13 0 10 9 0 7 0 0 0 14 0 0 0 0 6 0 0 11 0 8 0 0 9 0 0 9 0 0 0 0 0 0 12 10 9 12 0 10 10 0 0 11 0 11 11 0 13 0 0 0 0 0 0 0 0 0 0 0 0 0 6 0 0 0 0 8 0 0 0 11 0 0 14 0 0 0 5 0 14 0 0 9 0 0 0 7 0 0 10 0 9 0 0 0 0 0 0 0 0 0 0 0 0 
0 0 11 0 0 12 0 5 9 0 0 0 0 0 0 0 9 9 0 0 0 0 0 14 9 0 12 0 0 0 0 0 12 0 0 11 8 0 0 7 0 10 6 9 11 0 10 11 0 0 0 0 0 0 0 0 0 0 0 8 13 0 0 0 0 10 0 0 0 0 10 7 0 0 0 0 14 0 0 0 0 0 0 0 0 0 0 0 0 0 0 0 0 0 7 0 8 0 0 0 0 0 0 0 0 0 9 0 0 0 0 12 0 9 0 0 0 0 0 11 
0 11 0 0 9 0 0 11 12 11 0 0 13 0 0 10 0 10 0 0 0 0 0 0 0 10 0 0 0 0 8 7 0 0 0 0 6 0 0 7 10 0 0 0 0 15 15 0 0 12 0 0 10 0 0 0 8 9 0 0 0 10 0 0 12 0 14 0 0 0 10 10 0 10 0 11 0 0 0 0 8 0 0 0 0 0 0 0 0 14 0 0 0 10 9 12 0 12 0 0 0 0 0 9 0 0 13 13 0 0 13 0 0 11 11 0 0 0 0 7 
0 12 12 12 13 0 0 0 0 12 0 0 10 0 10 0 0 0 13 11 10 14 0 0 13 0 0 10 9 0 0 0 7 0 0 12 0 0 9 0 0 0 0 10 12 0 0 0 0 0 16 13 0 0 0 0 0 0 0 0 0 0 14 0 0 0 0 0 0 0 0 0 0 8 0 0 10 0 0 0 0 0 0 9 8 0 0 0 0 0 0 9 0 9 0 0 0 9 10 0 0 0 0 12 10 12 10 0 0 0 11 0 0 0 0 10 0 0 0 0 
0 12 0 0 0 0 0 9 10 10 0 0 0 0 0 0 11 9 0 0 10 0 0 10 0 0 0 0 0 0 0 0 0 11 14 11 0 0 0 0 0 0 7 0 0 11 0 8 10 0 0 10 10 11 0 4 0 0 6 11 0 0 0 0 13 0 0 0 0 0 8 0 0 11 0 0 0 0 12 11 16 0 0 12 0 6 0 0 11 0 0 0 0 0 0 11 0 13 0 0 0 0 10 0 0 0 8 0 10 9 0 0 10 0 6 0 0 0 0 0 
0 11 13 0 8 0 11 8 0 0 0 0 11 0 0 0 9 9 0 0 8 0 8 0 12 0 7 0 0 12 0 10 0 0 8 12 0 8 0 0 11 0 0 0 0 11 0 0 0 11 0 13 0 0 0 12 0 0 0 6 0 0 11 0 0 0 0 8 0 0 0 0 0 7 4 0 0 0 13 0 12 0 0 0 0 0 0 0 0 0 0 0 12 0 0 0 11 0 0 8 11 0 10 0 0 12 0 0 0 0 9 0 0 0 0 0 11 0 9 0 
11 8 0 0 0 11 10 0 0 0 11 6 9 9 0 0 0 0 0 0 13 9 12 0 0 8 11 0 0 0 0 0 14 0 0 0 0 13 0 0 6 0 0 0 0 10 0 0 0 0 0 0 9 0 0 12 0 0 0 0 0 8 11 0 0 0 0 0 0 0 0 8 9 0 0 0 0 0 0 0 0 10 11 0 0 0 0 8 9 12 10 11 12 0 0 7 9 0 0 14 0 0 14 0 0 9 0 12 8 0 0 13 0 8 13 12 8 10 0 0 
9 10 0 0 0 11 13 0 0 0 0 7 0 0 0 0 0 10 0 0 0 11 0 12 0 0 0 8 0 11 0 12 6 0 7 0 0 0 13 0 12 0 0 0 0 0 0 0 0 0 0 0 0 13 0 10 14 11 0 0 0 0 11 16 11 0 9 0 0 8 0 0 0 8 14 0 0 0 12 0 0 0 0 0 0 12 0 0 0 9 0 0 0 0 0 0 11 0 14 0 0 11 0 15 10 9 0 0 0 0 0 0 0 0 0 0 11 11 0 0 
13 12 7 11 10 13 10 0 0 10 0 0 0 0 10 0 0 0 7 9 0 0 0 0 8 0 0 6 8 10 0 0 0 0 0 9 0 0 7 13 0 0 9 7 0 0 10 13 0 12 0 0 12 0 9 0 8 13 0 0 0 0 0 0 0 0 0 0 0 0 0 10 0 0 0 0 0 10 10 0 0 11 0 0 0 0 0 0 10 0 9 13 0 0 0 0 12 0 8 0 11 0 0 0 11 0 0 0 0 0 0 9 0 0 0 11 9 0 0 0 
7 0 10 0 0 0 0 0 0 0 0 0 0 9 11 0 0 8 0 0 9 0 0 12 0 11 0 6 0 0 0 0 0 12 7 0 0 0 0 0 14 12 0 11 6 0 0 0 0 0 11 12 0 0 0 0 0 0 0 7 10 11 0 0 10 9 0 12 0 11 12 0 0 10 11 0 0 0 12 0 0 0 0 10 13 0 0 0 0 10 0 13 0 0 0 0 0 0 0 0 9 0 7 0 0 0 0 10 0 0 11 0 6 0 0 0 0 0 0 0 
0 0 0 0 11 0 0 10 11 0 0 0 10 0 14 0 0 0 0 10 0 0 0 0 12 6 0 0 0 0 0 5 10 10 0 0 0 10 0 0 0 0 0 0 0 9 0 0 0 0 7 0 0 0 0 0 0 0 0 0 8 0 0 0 10 0 0 0 10 0 11 0 0 0 7 0 9 5 0 0 0 8 0 9 11 9 11 0 0 0 13 12 7 0 0 12 10 0 0 0 0 0 0 0 11 6 0 11 0 0 0 0 8 11 0 0 0 0 8 0 
0 0 0 9 0 0 0 0 0 4 0 8 0 0 0 14 0 0 0 9 0 0 0 0 0 9 9 10 0 0 0 0 11 0 10 0 0 0 8 0 12 0 0 0 8 0 5 0 10 0 4 0 12 0 6 0 0 0 0 0 0 0 0 0 8 12 0 0 0 0 0 0 0 11 0 0 0 0 11 10 0 0 12 0 13 0 0 0 0 9 14 9 0 0 10 0 0 0 0 10 10 0 11 0 0 0 10 0 0 0 0 11 0 0 9 0 0 0 0 0 
0 9 0 0 0 0 0 12 0 10 10 7 0 13 12 12 0 0 0 13 6 0 0 0 5 0 11 0 0 9 11 0 13 0 0 8 0 0 11 9 0 0 10 0 0 0 0 0 11 0 0 0 0 0 0 0 11 12 12 11 0 0 0 0 0 0 0 0 9 0 0 0 0 0 0 0 12 5 11 0 0 11 15 7 11 11 0 0 0 11 0 0 0 0 0 0 0 0 0 0 0 6 0 12 0 0 0 9 0 0 0 0 0 8 10 0 0 0 0 0 
0 0 0 0 0 0 6 0 0 0 0 0 10 0 0 0 0 0 10 13 0 0 0 0 9 0 8 0 0 0 0 0 0 13 0 0 0 7 0 0 12 0 0 0 0 0 10 0 9 0 0 11 0 12 0 0 4 0 0 0 0 6 0 0 0 0 0 9 0 6 0 0 0 0 8 0 9 0 0 0 0 0 9 6 0 0 0 0 0 0 0 11 10 0 0 12 0 0 0 9 0 0 0 7 0 0 0 0 10 0 0 0 0 0 0 0 10 0 0 14 
0 9 0 0 11 0 0 12 9 0 12 0 0 0 8 0 8 0 0 0 10 12 0 0 0 12 0 0 0 9 0 0 0 0 8 0 0 12 0 0 0 0 0 0 11 0 9 7 12 8 0 10 9 0 0 0 0 0 0 0 4 11 0 0 9 0 0 8 12 11 11 0 14 0 0 0 8 0 0 0 9 8 0 0 9 0 0 0 9 0 0 0 0 0 0 10 14 9 0 11 0 9 12 13 0 0 0 0 6 0 0 0 0 0 0 0 0 0 14 10 
0 0 0 0 0 11 0 0 7 10 0 0 0 8 0 8 0 0 0 0 0 0 9 9 0 0 10 0 0 0 11 0 0 0 0 13 0 0 0 0 0 0 0 0 0 0 0 6 12 16 0 0 0 10 0 13 0 0 12 0 0 0 0 13 0 0 0 0 0 9 13 8 0 0 0 0 9 0 0 0 0 0 0 0 0 0 0 0 0 10 11 12 11 0 0 0 12 0 13 10 0 11 9 0 0 0 0 11 6 0 0 0 0 0 10 0 13 0 0 0 
0 13 0 13 0 0 9 10 0 0 0 0 0 0 0 0 0 0 0 0 8 0 9 10 0 0 0 0 0 0 6 0 0 0 0 14 0 12 0 0 7 0 0 9 0 0 6 0 0 0 0 10 0 0 11 0 0 0 0 0 8 0 0 0 0 0 0 0 11 0 0 0 9 0 11 0 0 11 8 10 12 9 0 5 0 11 0 11 0 0 0 0 0 0 0 0 0 0 9 13 8 14 0 0 0 10 10 16 0 12 0 0 0 8 0 0 0 9 11 0 
7 0 0 0 0 0 8 9 0 9 10 0 0 10 0 9 0 0 11 11 0 14 0 0 0 0 10 0 0 0 0 0 0 0 0 0 9 0 0 8 10 0 0 0 0 0 11 11 0 0 0 13 0 0 9 0 0 0 10 0 0 10 0 0 0 0 11 0 8 12 0 8 0 12 0 0 0 13 10 9 0 10 0 10 0 0 0 0 10 0 0 5 0 0 0 11 0 0 11 0 9 0 8 12 0 0 0 0 0 0 8 0 11 0 7 0 11 0 0 0 
0 0 0 0 0 0 0 0 0 0 0 9 10 0 0 8 0 0 0 0 0 0 0 14 9 9 0 0 0 12 0 8 0 0 8 7 0 0 7 0 9 0 0 12 12 9 0 12 0 0 0 0 0 12 0 0 0 0 0 10 0 10 11 0 0 0 0 0 0 0 10 0 11 0 0 9 0 0 0 0 8 0 0 0 0 0 0 15 12 0 13 0 10 0 8 7 0 0 0 0 0 8 12 11 10 13 8 0 0 8 0 0 0 0 0 0 0 0 0 9 
0 0 0 0 0 12 0 8 0 0 9 0 0 0 10 0 0 11 8 0 0 12 15 12 0 0 12 0 0 10 11 11 11 10 0 0 0 0 0 0 7 0 9 0 0 7 0 11 0 0 12 0 0 0 0 0 11 0 0 0 0 11 0 12 0 11 0 0 12 0 0 0 0 0 0 10 0 0 8 0 0 0 0 0 9 9 0 0 0 6 0 0 0 9 12 0 11 0 0 0 10 0 6 12 11 0 8 0 12 12 0 7 0 0 7 0 10 0 0 0 
0 0 0 0 0 0 0 8 0 7 0 0 14 0 10 0 15 0 0 0 6 0 0 0 0 9 0 0 0 0 0 9 0 0 0 0 0 0 0 8 0 10 0 0 0 8 0 0 0 0 0 0 10 0 12 11 0 0 13 0 0 0 0 0 0 0 0 14 0 0 0 0 0 10 10 0 0 0 8 0 0 0 0 12 0 0 0 0 0 7 0 0 0 0 9 0 0 0 0 6 0 0 0 11 0 0 0 0 0 0 9 0 0 0 0 0 0 10 0 0 
0 0 0 0 11 0 0 0 6 0 0 0 9 0 0 0 13 7 9 6 0 0 0 0 0 12 11 0 0 0 8 0 12 10 11 0 0 0 5 0 0 10 0 11 0 8 0 0 0 0 0 10 10 0 0 0 0 9 0 11 0 0 9 0 0 0 0 11 0 0 0 0 0 10 0 8 0 9 0 13 9 9 0 0 13 12 0 9 0 0 7 0 0 0 0 8 11 11 0 6 9 0 7 0 0 0 0 9 11 0 11 0 0 0 0 12 0 0 0 0 
0 10 0 0 0 0 0 0 11 0 0 10 0 0 0 0 10 0 0 11 13 0 8 0 0 0 0 0 0 0 0 12 0 0 6 0 0 8 0 0 0 0 8 0 0 0 10 0 0 0 0 0 9 0 8 0 0 0 0 0 0 11 0 0 10 0 0 0 0 0 0 8 9 0 15 16 8 0 0 0 0 11 0 0 11 0 0 9 0 0 0 0 9 8 0 0 0 0 0 0 0 0 0 0 6 0 0 0 14 7 0 9 0 12 11 0 0 0 0 0 
0 0 10 11 0 15 0 0 0 10 0 0 0 0 0 0 0 0 0 15 12 0 0 0 0 13 0 0 0 0 0 0 10 0 0 0 0 0 8 0 0 0 0 0 0 0 0 11 8 0 0 0 0 6 0 0 7 0 7 0 8 0 0 13 0 0 0 0 0 9 12 0 8 0 10 0 0 0 0 0 11 0 0 0 0 0 0 0 0 9 0 0 9 0 0 12 0 0 0 11 13 0 0 0 0 0 0 0 0 0 12 0 0 0 0 0 10 0 0 11 
11 0 0 0 0 0 0 0 9 0 0 0 0 0 0 0 0 8 0 0 0 0 0 0 0 0 0 8 0 10 0 9 9 14 0 10 12 11 0 0 0 0 0 10 0 0 0 0 0 0 0 0 0 0 0 0 11 0 0 0 0 0 0 0 0 11 0 0 0 12 0 0 0 0 8 0 0 11 9 0 0 0 0 0 10 0 0 0 0 0 0 0 12 0 8 0 0 0 0 14 0 13 0 0 0 10 0 13 13 0 0 5 0 0 0 0 0 7 0 0 
0 9 0 0 0 0 0 0 13 9 0 10 0 4 0 10 0 8 0 0 11 10 0 13 0 12 0 0 0 0 13 11 0 0 0 0 0 0 0 0 0 0 0 9 12 0 0 0 0 0 0 9 12 14 0 11 0 8 0 11 0 0 11 11 10 0 0 10 0 9 0 6 8 0 6 7 0 9 0 10 0 0 0 13 0 12 10 9 0 0 0 0 0 0 9 0 0 0 0 0 0 0 0 0 0 0 0 0 0 0 7 9 0 0 0 11 0 0 0 0 
0 0 13 12 5 0 12 11 7 0 13 0 0 8 0 0 7 0 11 0 0 0 0 7 10 0 0 12 0 0 6 0 0 0 0 0 8 8 0 0 0 10 0 12 0 0 10 7 0 0 12 0 12 0 0 0 0 0 0 0 12 0 0 0 0 0 0 0 0 11 10 0 0 0 9 0 0 12 0 0 0 0 0 0 12 12 0 0 6 13 0 7 10 11 8 10 0 0 12 0 0 0 0 0 9 0 0 0 0 0 10 0 0 0 0 8 0 0 0 10 
0 0 0 0 9 0 0 0 0 9 0 0 0 12 7 0 0 0 11 13 0 0 6 0 0 0 0 0 12 15 9 13 0 0 0 0 0 0 0 0 9 11 0 0 0 0 0 0 9 0 0 0 0 0 12 0 0 12 0 10 10 0 0 0 0 0 0 0 0 0 0 0 0 0 0 0 0 12 0 0 0 12 0 0 15 0 0 0 0 10 0 0 0 9 0 0 10 0 0 0 0 10 0 0 0 9 0 11 0 11 0 0 9 0 0 0 0 12 0 0 
0 0 5 10 0 7 0 0 7 0 0 0 0 0 0 0 0 0 13 6 8 6 11 0 0 0 0 0 0 0 10 9 0 0 0 0 0 0 0 6 0 10 0 0 0 0 12 0 10 0 0 12 0 0 0 7 0 0 0 0 9 0 8 8 8 0 7 0 0 0 0 0 14 11 0 0 10 0 0 10 0 0 10 0 0 11 0 9 10 0 0 0 0 10 12 0 0 9 0 0 0 0 7 8 12 0 0 11 12 0 0 0 10 0 0 0 8 0 0 0 
8 0 0 0 0 8 8 0 0 0 0 0 0 0 0 11 0 9 0 0 12 0 0 0 0 0 12 0 0 0 0 0 0 0 8 0 0 10 0 0 12 0 0 0 0 0 0 10 0 5 0 10 0 0 0 0 0 9 5 0 0 0 0 7 0 0 0 0 0 0 12 10 0 0 10 0 0 0 12 0 0 0 11 0 0 0 10 0 0 0 13 10 0 9 0 0 0 11 0 0 0 0 9 9 10 0 0 0 0 0 0 0 8 3 8 0 0 14 0 0 
0 11 0 9 0 0 10 0 0 0 0 0 10 0 0 0 0 0 13 11 0 9 10 0 0 0 0 0 10 9 14 0 9 0 0 0 0 0 12 0 0 0 0 0 0 0 0 0 8 0 8 0 8 0 14 13 0 0 0 0 0 0 0 11 0 0 0 10 0 0 0 0 0 0 0 0 12 0 9 0 10 0 10 0 0 0 0 0 0 10 0 0 10 13 0 0 9 0 0 0 0 8 9 0 11 0 14 8 9 0 0 0 13 0 11 0 9 0 12 0 
0 0 0 8 0 0 8 10 11 0 0 0 13 11 0 0 0 0 0 13 0 0 0 8 0 0 0 0 11 0 0 0 12 10 0 11 0 0 0 0 0 0 0 0 0 0 0 9 0 8 0 13 0 0 0 0 0 11 0 0 11 5 8 0 0 0 10 7 0 0 0 0 0 0 12 0 0 0 0 0 0 0 0 11 10 9 9 8 0 0 9 0 0 13 0 0 0 0 10 0 0 8 0 0 12 13 6 7 0 14 0 11 8 0 0 0 0 0 0 0 
0 0 0 0 11 0 0 12 0 10 13 11 10 7 10 0 5 0 12 0 0 0 10 0 0 0 0 0 11 0 0 0 0 0 0 11 0 0 0 0 0 0 0 9 0 0 0 15 12 0 0 0 0 0 0 0 10 0 0 7 6 0 10 0 12 0 0 6 0 0 0 10 9 0 12 0 0 0 0 0 9 0 0 7 0 0 11 7 10 0 0 9 9 0 8 0 7 0 0 0 0 0 0 0 10 0 10 0 0 0 0 0 0 10 7 0 0 0 0 14 
8 0 0 10 0 0 0 9 6 9 12 9 0 0 6 0 0 0 0 0 0 7 0 0 0 0 8 0 0 0 0 0 0 0 0 0 0 0 0 8 0 0 0 12 0 0 0 0 0 0 0 0 0 13 0 0 0 0 0 13 10 0 9 8 0 0 0 0 0 0 12 0 0 0 0 0 0 0 0 0 0 0 0 0 0 13 0 0 0 0 9 0 9 0 14 8 0 9 0 0 0 0 0 7 0 0 0 8 0 0 0 0 11 0 0 0 0 0 0 0 
0 0 0 0 13 8 0 0 10 10 7 0 8 0 0 0 0 0 0 0 10 0 0 0 0 0 0 0 17 5 15 0 12 0 0 8 0 0 8 0 0 0 0 0 0 0 0 11 0 8 0 8 0 0 5 0 0 12 10 0 0 0 0 10 0 0 9 11 0 0 12 0 0 0 0 0 16 0 13 7 10 0 0 7 0 0 8 0 7 0 0 11 0 0 7 0 0 12 11 13 0 0 12 0 0 0 0 10 0 0 11 0 0 11 12 0 8 0 0 0 
0 0 0 0 0 12 9 0 0 10 11 0 0 7 0 0 0 14 12 0 0 12 0 8 0 11 10 10 0 0 11 0 0 8 0 0 0 9 0 7 9 0 0 0 0 7 0 0 13 0 12 0 11 0 0 9 13 5 0 0 10 12 0 12 0 0 0 0 11 0 0 9 0 0 0 0 0 0 0 0 0 0 0 0 0 0 0 0 0 9 0 0 11 10 0 0 0 0 10 0 11 0 0 0 6 0 6 0 0 0 0 0 0 12 11 9 13 0 9 7 
11 10 11 11 0 0 0 0 0 0 0 0 0 12 0 0 0 0 10 0 8 0 0 0 0 6 13 0 0 10 0 9 0 0 12 10 0 0 0 9 0 0 0 10 0 0 11 0 11 0 0 0 12 0 0 0 6 9 10 6 0 0 11 0 13 0 0 0 8 0 0 0 0 8 12 0 11 0 12 9 0 0 0 0 0 0 0 0 0 0 0 0 13 0 9 0 0 0 0 0 9 0 0 0 0 7 0 0 0 0 0 0 0 8 7 0 0 0 0 0 
0 0 0 0 0 8 0 14 14 0 0 15 0 12 8 0 9 0 0 0 0 8 0 0 11 0 0 13 9 0 10 0 0 0 0 0 12 0 8 0 0 0 10 10 0 7 0 0 0 0 0 7 0 0 9 0 0 14 0 0 0 0 0 0 0 0 9 9 0 0 0 0 6 0 0 0 0 0 0 9 13 7 0 13 0 8 0 0 9 0 0 0 13 0 12 0 0 13 8 10 10 0 6 0 0 7 0 0 9 11 0 0 10 0 14 0 0 0 0 0 
0 0 13 0 0 0 0 8 0 0 9 12 0 0 0 9 0 0 11 0 12 0 0 0 12 9 12 7 0 0 0 0 11 0 7 0 10 0 9 0 7 0 11 9 9 8 11 0 0 0 6 0 9 0 12 0 0 0 8 0 0 0 12 11 8 11 0 0 0 0 0 0 0 0 0 0 9 0 0 0 0 8 0 8 0 0 0 11 0 0 0 8 0 0 0 0 10 0 0 0 0 8 0 9 11 0 0 5 0 0 0 0 8 7 9 12 9 0 0 9 
8 0 11 0 12 0 0 0 0 9 13 0 0 0 10 0 0 0 11 0 0 0 12 0 0 0 0 0 10 0 6 0 11 0 0 8 0 0 0 0 10 0 9 0 0 0 0 9 0 0 0 0 0 0 0 0 0 0 0 11 0 0 0 0 0 0 0 0 0 0 12 9 11 9 0 7 0 0 0 10 0 0 0 13 0 0 0 10 10 0 0 0 14 11 13 0 0 9 0 0 0 11 12 0 0 10 0 0 0 7 15 12 0 10 0 14 0 0 0 0 
0 10 7 13 0 0 0 0 0 0 0 0 0 0 0 6 0 0 0 0 0 10 0 8 0 9 0 0 0 0 7 0 0 16 9 0 0 0 0 0 8 0 0 0 11 0 0 0 0 0 0 0 0 8 0 0 0 0 0 0 0 12 0 0 10 4 9 0 0 0 14 0 0 7 0 0 0 0 13 9 0 0 0 10 12 0 11 0 0 0 14 0 11 0 0 0 0 0 0 10 0 0 0 11 11 0 10 0 0 0 10 8 0 0 0 0 0 0 0 8 
8 0 0 10 0 0 0 0 0 14 0 0 0 12 0 0 11 0 0 0 11 0 0 0 0 6 11 0 0 10 0 0 0 12 0 0 0 0 9 9 0 12 0 0 0 0 0 0 0 0 13 0 14 10 0 0 0 0 0 0 0 16 0 0 0 0 8 0 0 0 0 0 0 11 11 13 0 10 0 9 0 0 0 11 0 0 0 0 0 14 0 0 0 0 0 0 9 14 0 0 0 0 0 0 0 12 9 10 10 0 0 0 12 0 0 0 0 0 11 0 
0 0 0 11 0 0 0 11 0 0 0 12 11 0 0 8 0 0 0 0 0 11 0 12 0 13 0 0 0 0 11 0 0 0 0 8 0 0 0 10 13 0 0 7 0 0 0 10 9 0 0 0 11 0 0 0 0 0 14 13 0 0 0 0 14 9 0 9 0 0 0 0 0 0 0 12 0 0 0 0 0 0 6 0 0 12 0 0 0 8 0 12 0 0 0 9 9 0 0 0 0 0 0 14 0 9 0 0 10 8 0 0 0 8 11 0 0 0 0 0 
0 0 0 0 0 13 0 10 0 11 0 7 0 0 0 8 0 0 0 0 0 0 0 13 0 0 0 0 0 0 0 10 0 0 9 0 0 0 6 10 0 0 6 0 0 14 11 10 0 0 9 0 15 10 0 0 8 0 0 10 0 11 0 10 0 0 11 0 12 0 0 0 10 0 8 12 0 0 0 0 0 0 0 10 12 13 0 0 0 0 0 0 0 0 0 9 0 0 0 0 0 0 5 0 0 0 0 13 8 10 0 0 0 0 0 0 0 0 0 0 
0 0 7 9 0 0 0 0 0 0 0 0 0 9 0 8 0 9 0 0 0 8 10 0 8 0 0 0 0 5 8 7 0 0 0 0 0 8 9 0 10 0 0 0 0 0 0 0 0 9 0 11 0 0 0 7 0 8 0 13 0 7 0 9 0 0 0 0 0 0 0 6 8 0 9 0 0 0 11 0 0 7 13 0 0 0 0 0 0 10 0 0 11 0 0 0 8 0 0 9 0 11 0 0 0 9 0 0 0 0 0 0 0 11 0 0 0 11 0 0 
0 0 0 0 0 0 11 0 0 0 0 15 0 0 0 0 0 10 0 0 0 0 0 9 8 0 0 0 10 0 0 8 9 0 0 0 0 0 0 8 0 0 0 0 11 0 0 0 0 0 8 0 8 0 0 0 0 0 0 0 0 0 0 0 0 6 0 0 11 0 0 0 7 9 9 0 0 0 8 12 0 0 0 0 0 12 0 9 0 10 0 0 7 11 0 0 0 0 10 9 0 12 8 0 10 0 0 0 10 0 0 14 0 12 0 0 8 0 0 0 
8 10 15 0 0 0 0 0 0 9 0 0 11 0 6 0 0 0 0 0 0 0 14 10 9 0 0 0 0 0 0 0 0 0 0 0 0 0 0 0 13 11 0 0 11 0 0 12 11 7 0 12 0 6 8 8 0 0 12 9 0 0 0 0 6 0 0 0 12 0 0 0 12 0 13 0 11 0 0 0 0 0 0 0 13 0 0 10 0 0 0 7 0 0 8 10 7 0 12 0 0 0 0 11 0 0 0 12 5 11 0 8 0 0 12 0 0 11 0 0 
0 0 0 0 0 0 0 10 7 0 12 12 13 0 0 0 8 0 12 0 0 0 0 0 0 0 0 11 0 0 0 8 0 7 13 13 0 0 7 0 0 13 0 0 0 12 10 0 0 0 0 6 0 0 0 0 0 0 0 0 14 0 0 7 0 9 0 0 0 10 0 0 7 9 0 0 0 11 0 7 0 10 0 0 0 0 0 0 0 0 0 7 0 0 9 0 10 0 0 0 0 0 10 0 10 0 13 0 0 0 0 9 11 0 0 0 0 0 8 0 
0 0 12 0 12 0 0 3 0 0 0 10 0 5 0 0 0 0 10 0 0 0 12 0 0 0 12 8 0 0 11 10 0 0 0 0 0 0 12 0 0 0 0 0 0 0 0 0 9 0 10 11 0 11 0 0 0 0 0 0 0 0 0 0 0 0 0 8 0 0 7 0 11 0 0 10 0 11 0 11 0 0 0 6 0 0 0 0 0 0 0 0 7 0 0 10 0 0 6 0 0 0 12 0 0 10 6 0 0 0 0 0 0 0 5 0 0 0 0 0 
0 0 0 0 0 0 0 0 0 0 0 12 0 0 13 0 0 9 0 9 9 0 10 11 7 0 0 0 9 0 0 0 0 0 0 0 13 0 0 0 0 0 0 0 0 0 0 0 0 15 0 0 0 0 0 8 0 7 0 0 0 0 0 11 0 0 8 0 10 0 0 0 0 0 0 0 0 0 0 8 0 0 0 0 0 14 0 0 0 0 0 0 0 13 0 7 0 0 0 10 0 0 0 0 0 0 9 0 0 0 0 0 0 12 0 0 0 8 0 0 
0 15 0 12 0 0 0 0 0 0 0 0 0 0 0 0 10 0 9 0 0 8 0 0 0 0 0 9 8 0 0 0 0 0 6 0 13 0 0 0 0 0 0 14 0 0 0 0 8 11 0 0 9 10 10 0 0 0 0 0 0 13 0 10 0 5 0 0 0 10 0 8 0 0 0 0 0 0 0 12 0 8 0 11 0 0 0 0 0 0 0 0 0 0 11 9 9 0 0 8 9 7 0 0 12 11 0 11 0 0 0 0 0 10 13 0 0 10 0 6 
