9 11 0 0 0 0 11 0 0 0 12 0 0 11 10 0 0 9 10 0 0 0 0 0 10 0 0 0 9 0 0 0 0 0 11 0 9 9 0 0 0 0 0 0 8 0 10 0 0 7 0 0 0 0 0 0 0 0 0 12 
8 0 0 0 0 0 0 11 0 0 9 0 0 0 0 0 5 0 0 0 0 0 0 0 0 0 0 0 0 0 0 11 0 0 8 0 0 0 0 11 0 0 0 0 0 0 0 0 0 0 0 0 0 11 0 0 0 12 0 9 
0 0 10 11 9 0 0 0 0 0 0 0 0 0 0 0 11 0 9 0 0 0 0 0 0 0 0 0 0 0 0 0 0 0 10 0 0 0 0 0 0 0 0 0 15 0 0 0 9 0 0 12 10 0 4 9 0 0 0 0 
11 8 10 0 0 0 0 0 14 0 0 0 0 0 0 0 10 0 0 10 0 0 0 6 9 0 0 0 0 0 10 0 0 0 0 0 0 11 0 0 9 9 10 0 0 0 0 0 0 12 0 0 9 0 0 0 0 0 11 0 
0 11 0 8 0 10 0 0 0 0 0 0 0 0 0 12 10 0 0 0 0 0 9 0 0 0 0 0 0 12 0 0 0 0 0 0 0 0 0 0 0 0 0 0 0 0 0 0 0 0 0 0 0 0 10 0 0 0 0 0 
13 0 0 0 11 0 0 0 0 15 0 0 0 0 0 0 0 0 0 0 0 9 0 11 0 0 10 0 0 0 0 0 0 10 10 0 0 0 0 0 13 0 0 11 0 0 0 0 0 0 8 0 0 0 0 0 0 0 0 0 
0 0 0 0 0 0 0 10 0 9 9 0 0 11 9 12 0 0 0 0 0 0 0 0 0 12 0 0 0 0 7 0 0 0 0 0 0 8 7 7 0 0 0 0 0 0 0 0 0 0 0 0 0 0 12 14 0 0 0 0 
0 0 0 0 0 0 0 0 11 0 0 0 0 0 0 0 14 0 0 0 0 0 0 0 0 0 0 10 0 0 0 0 0 9 8 0 0 0 0 0 0 0 0 9 0 0 0 0 0 0 8 8 0 9 0 0 0 0 8 0 
0 0 0 0 14 0 0 12 0 13 0 0 0 0 0 0 0 0 0 0 0 0 0 11 0 0 0 12 0 0 10 0 0 9 0 0 8 9 0 0 0 0 0 0 0 0 0 0 0 9 0 0 0 0 0 0 0 0 0 0 
10 10 0 11 0 0 0 0 0 0 0 0 12 10 0 0 0 0 9 0 0 0 0 0 0 12 0 0 0 0 0 0 8 0 0 0 0 0 0 0 0 0 0 0 0 0 0 0 0 0 0 0 0 0 0 0 5 0 13 0 
0 0 0 0 0 0 0 0 0 0 12 0 12 0 10 0 0 11 0 0 11 0 0 0 11 8 0 0 0 0 0 0 0 0 0 0 12 0 0 0 0 0 7 12 0 0 0 0 6 0 0 13 0 9 10 0 0 10 12 0 
0 0 0 0 0 0 0 0 0 0 0 0 0 0 13 0 0 0 0 0 0 0 0 0 0 0 0 0 0 0 0 0 0 0 7 0 0 0 8 0 0 0 0 0 0 0 0 0 0 0 0 0 0 0 7 0 0 12 0 12 
0 0 0 0 0 0 0 0 0 0 0 0 0 0 0 0 0 0 0 0 11 0 0 0 15 0 0 0 0 0 0 0 0 0 0 0 12 11 0 0 0 0 0 0 0 9 0 0 0 0 0 0 10 0 0 0 0 0 0 0 
0 0 0 9 0 9 0 7 0 12 0 0 8 4 0 0 8 0 0 0 0 0 0 0 0 0 0 0 0 10 0 0 0 0 0 0 0 10 0 0 0 0 0 0 0 0 0 0 0 0 0 0 0 0 0 0 0 0 0 11 
0 0 0 0 10 0 0 0 0 0 0 0 0 0 0 11 8 0 0 0 0 0 0 0 0 0 0 0 0 0 0 0 0 6 0 0 0 0 0 0 0 8 0 0 0 0 13 0 7 0 0 0 0 0 0 0 11 0 0 0 
0 0 0 10 0 0 0 0 0 0 8 0 12 0 9 0 0 0 0 0 10 0 0 8 0 9 0 0 9 0 0 0 0 0 0 0 0 0 0 11 0 0 0 0 0 0 0 0 0 10 0 0 0 7 0 0 0 12 0 0 
0 0 0 11 0 0 12 11 0 0 0 12 0 0 0 0 0 11 0 0 0 8 0 0 0 0 15 0 12 0 0 0 14 0 8 11 0 0 0 0 11 0 13 0 0 0 0 0 0 0 8 12 0 0 0 0 0 7 0 0 
0 0 0 0 0 0 0 9 0 9 9 6 11 13 11 0 0 0 0 0 0 0 8 0 9 0 8 0 7 0 0 12 0 11 0 0 0 12 10 0 0 0 0 0 12 0 0 0 0 0 0 0 0 0 0 4 0 0 0 0 
0 0 0 0 0 0 11 14 0 12 0 0 0 0 0 0 0 9 11 8 0 0 0 0 0 0 9 0 0 0 0 10 8 0 0 0 0 0 12 0 7 0 0 12 8 8 0 0 0 0 0 0 0 0 0 0 0 10 0 0 
0 0 9 7 12 0 0 0 0 13 9 0 0 0 0 0 0 0 0 0 0 13 0 0 12 0 0 0 0 0 0 10 0 0 8 0 0 0 7 0 0 0 15 0 12 0 0 0 9 10 0 0 0 14 0 12 0 11 13 0 
0 7 0 0 0 0 0 0 0 0 0 0 0 11 0 0 0 0 0 0 0 0 11 10 0 0 0 0 9 9 0 0 7 0 0 0 0 0 0 0 0 0 8 0 0 0 0 13 0 0 0 0 0 13 12 0 0 10 0 0 
0 0 0 0 0 0 12 0 0 0 0 11 0 0 7 0 11 0 0 0 13 0 0 0 0 0 0 0 10 11 0 0 0 0 0 0 0 0 0 0 0 7 0 9 0 0 0 0 0 0 0 11 9 0 0 10 11 0 10 0 
8 0 0 11 0 0 0 0 8 0 8 0 0 0 0 0 6 0 15 0 0 0 0 0 0 0 7 0 0 0 0 0 0 0 0 11 0 0 0 0 0 0 0 0 0 0 0 0 0 5 0 0 0 0 12 0 0 0 8 0 
0 0 0 0 0 0 0 0 0 0 11 0 0 0 9 0 7 0 0 0 11 12 0 0 0 10 11 0 0 11 0 9 0 0 0 0 0 0 8 0 0 8 0 0 0 0 0 0 0 0 0 0 0 0 12 0 0 11 0 0 
0 0 0 10 0 0 0 0 0 11 0 0 0 11 0 0 0 0 0 0 0 0 0 0 0 10 0 0 0 0 0 0 0 0 0 0 0 10 12 0 0 0 0 0 0 0 0 9 0 7 0 0 7 0 8 0 0 9 0 0 
0 0 0 0 0 0 0 0 0 0 0 0 0 0 10 0 11 8 11 8 0 13 0 0 11 0 0 0 0 0 10 0 13 0 14 0 0 0 0 0 13 0 0 0 0 0 0 0 0 14 0 12 0 0 0 0 0 13 0 0 
0 0 8 11 0 0 0 6 0 13 0 0 0 0 0 0 0 0 0 0 0 0 0 10 0 0 0 11 12 0 0 0 10 0 0 0 0 0 11 10 0 0 0 0 11 0 0 14 0 0 13 6 0 0 0 0 0 0 0 0 
0 0 0 0 7 13 0 0 0 0 0 0 0 0 0 0 0 0 0 12 0 0 0 0 0 0 10 0 8 0 0 0 0 0 0 0 0 0 6 0 11 0 0 0 9 0 0 0 0 0 0 7 0 0 8 0 0 0 0 8 
0 6 14 14 8 9 0 0 9 0 0 0 0 12 0 0 0 0 0 9 0 12 0 0 0 0 0 0 0 0 0 0 0 0 0 6 0 0 0 0 0 0 0 0 11 0 13 8 0 12 0 11 8 0 0 0 0 0 0 0 
0 0 0 12 0 14 0 0 0 0 0 0 0 0 0 0 0 0 8 0 0 0 0 0 0 0 9 0 0 0 0 0 0 12 11 0 0 10 0 0 0 0 0 0 0 0 10 0 9 0 0 0 0 0 11 0 0 7 0 0 
0 0 0 0 0 0 0 0 0 11 0 0 0 0 13 0 7 8 0 0 0 0 0 0 0 0 0 0 0 13 0 0 0 0 0 0 0 0 8 12 0 0 0 9 0 0 11 0 0 0 0 0 0 9 0 0 0 0 0 0 
0 9 0 0 8 0 7 0 0 0 0 0 0 14 6 11 0 0 0 0 9 0 0 0 0 0 0 8 0 0 0 10 0 0 0 0 0 0 0 0 0 0 0 0 0 0 0 0 0 0 13 0 0 0 7 0 0 0 0 0 
0 0 0 0 0 0 0 0 0 11 0 0 10 0 0 0 0 8 0 0 0 0 0 0 0 0 0 8 5 0 0 12 0 8 0 0 0 0 0 0 0 0 0 0 0 0 0 0 0 12 0 0 0 0 0 12 0 0 0 0 
0 11 9 0 0 0 0 0 0 0 0 0 0 0 0 0 9 0 0 8 0 0 0 0 0 0 0 0 0 16 0 11 0 0 7 0 0 0 0 0 0 0 0 11 0 0 0 0 0 0 0 0 0 0 0 0 8 0 0 0 
0 0 0 12 0 0 0 12 11 0 0 0 9 13 11 0 0 12 0 0 0 0 0 0 0 6 0 0 10 9 0 0 0 0 14 9 8 0 0 0 0 0 0 0 0 0 0 0 10 0 0 11 0 0 0 0 0 0 14 0 
9 13 8 0 0 0 0 0 0 0 0 10 0 0 0 0 10 15 0 0 14 0 0 0 0 10 0 0 0 0 0 0 0 11 12 0 0 7 0 0 0 0 0 0 0 0 12 0 0 12 0 0 0 0 0 0 0 0 0 0 
0 0 0 0 12 0 13 11 7 0 0 0 0 12 0 0 0 0 0 12 0 10 0 0 0 0 0 0 0 0 0 0 0 0 0 0 0 0 0 9 5 0 0 8 8 0 0 0 0 0 0 11 0 0 13 0 0 0 0 11 
0 0 0 0 10 0 0 0 7 0 8 0 0 0 11 0 0 0 0 0 0 10 0 0 15 0 0 0 0 11 8 0 0 0 0 0 10 0 0 0 0 0 9 0 9 0 0 0 0 0 0 0 0 0 0 0 0 0 0 0 
0 0 0 0 0 0 0 0 0 0 0 13 0 9 0 0 0 0 9 0 0 0 0 11 13 0 0 0 0 0 0 0 0 0 0 0 0 0 0 13 8 0 0 0 0 0 0 0 0 0 0 0 0 0 11 0 0 0 0 0 
10 8 9 0 0 0 11 0 0 0 14 7 0 0 0 0 11 0 11 0 0 0 0 0 0 0 0 0 0 10 0 12 0 0 10 0 0 0 0 11 0 0 0 0 0 9 0 0 0 0 0 0 0 0 0 0 0 0 0 0 
0 11 0 0 0 0 0 0 0 0 10 0 0 0 0 6 9 0 0 0 0 0 0 0 0 0 0 0 0 0 0 0 0 8 0 0 6 0 0 0 0 0 0 7 0 8 0 0 0 13 0 0 0 0 0 0 0 0 8 7 
11 0 0 0 0 0 0 0 0 0 6 0 13 9 0 14 9 0 0 0 0 0 0 0 11 0 0 0 0 0 0 0 0 0 9 0 12 0 0 0 0 0 0 0 0 0 0 0 0 0 0 0 9 0 0 0 0 0 0 0 
0 10 0 12 0 0 0 8 0 0 12 0 0 0 0 0 0 0 0 10 0 0 7 0 7 0 0 0 0 0 0 0 11 0 0 0 0 0 11 0 0 0 0 0 0 0 0 0 0 0 0 0 0 0 0 11 0 13 0 0 
7 0 6 0 0 0 0 12 0 0 0 0 10 11 0 0 0 0 0 0 0 0 0 10 0 0 0 0 0 0 0 0 0 11 0 0 0 0 0 0 9 0 0 0 0 0 0 0 0 9 6 9 0 0 0 0 0 0 11 0 
0 10 12 0 0 0 0 0 0 0 0 0 0 0 0 0 10 0 0 0 0 0 0 0 0 0 0 0 0 7 0 0 12 0 0 0 12 0 0 10 0 0 0 11 0 16 0 0 12 0 0 0 15 0 0 0 0 0 0 0 
0 0 0 0 11 0 0 0 0 0 0 0 10 0 11 0 0 0 0 0 12 0 0 0 0 0 0 0 0 0 0 0 11 0 0 0 0 0 13 0 0 0 0 7 0 0 0 0 0 0 0 10 0 0 0 13 0 0 0 0 
0 12 0 0 0 0 0 0 0 0 0 13 0 0 0 0 0 0 0 0 0 11 0 0 0 0 8 0 10 13 8 0 0 0 0 0 0 0 0 0 0 0 0 0 0 0 0 0 0 9 0 0 0 0 0 0 0 0 0 0 
0 0 8 0 10 0 0 12 0 0 11 0 0 0 0 0 0 0 14 0 0 10 10 0 7 0 8 8 4 0 0 0 0 0 0 0 0 0 0 0 0 0 0 0 12 13 0 0 0 0 0 0 0 0 12 0 11 0 0 0 
0 15 0 0 0 0 0 9 7 0 13 0 0 9 0 8 0 0 0 9 11 0 0 0 0 10 0 0 9 13 0 0 11 0 0 9 0 0 0 12 0 0 0 0 0 0 0 0 0 13 8 0 0 0 0 0 0 0 0 11 
6 0 0 0 10 0 0 0 0 0 0 12 0 0 0 10 0 0 13 0 0 0 0 0 0 0 0 10 0 7 0 0 0 10 0 0 0 0 10 0 11 0 11 10 0 0 12 0 0 0 0 0 9 11 0 0 0 0 0 0 
0 0 0 0 10 0 0 0 0 0 0 0 0 10 0 12 0 10 0 0 0 0 0 0 0 10 10 0 13 0 0 11 8 0 0 6 8 0 0 0 9 0 0 0 0 0 0 0 0 0 0 0 0 0 0 0 0 0 0 0 
0 0 0 11 0 0 11 10 0 0 0 10 15 0 0 8 0 0 15 0 0 8 0 10 9 0 0 0 11 0 0 0 0 0 0 0 0 0 0 0 9 0 0 0 0 0 0 0 0 0 11 0 0 0 0 0 0 0 0 13 
0 0 0 0 0 0 0 0 0 10 0 0 0 0 0 0 0 10 6 10 0 0 11 0 0 0 8 10 0 11 0 0 10 0 0 11 0 0 0 10 0 0 0 0 0 0 10 12 0 0 0 0 0 0 10 0 0 0 0 0 
0 0 13 0 0 0 7 0 0 0 7 0 0 0 0 13 0 0 0 0 0 0 0 0 0 0 0 0 0 0 9 0 0 0 7 0 0 0 0 12 0 0 0 0 0 0 10 0 0 0 0 0 0 0 8 0 0 0 0 0 
0 0 0 0 0 0 0 0 12 10 0 0 0 0 12 0 0 0 0 0 0 0 0 0 0 11 0 0 14 0 10 0 0 0 10 0 0 0 0 0 8 0 0 0 0 0 0 0 0 0 0 0 0 0 0 0 0 7 0 0 
0 0 9 9 0 9 0 0 0 13 8 0 0 0 0 0 8 8 0 0 0 0 0 0 0 11 12 0 0 0 0 0 10 0 0 0 0 0 0 0 0 11 10 0 0 0 0 0 9 0 0 0 0 5 0 0 0 0 0 0 
0 0 8 0 0 0 0 0 0 0 0 0 8 0 9 0 0 0 0 0 0 0 0 0 8 6 0 0 10 0 0 0 0 7 0 0 10 13 0 10 12 9 0 0 0 0 0 9 0 0 0 14 0 0 11 0 0 0 13 13 
0 0 0 0 0 0 0 0 0 9 0 0 0 0 0 11 0 0 0 0 0 0 0 0 0 0 0 0 0 0 0 0 0 0 0 0 0 0 0 9 0 11 0 0 0 7 0 0 0 0 0 0 12 8 10 0 0 0 0 0 
10 0 0 7 7 0 0 0 0 0 0 0 0 0 0 0 9 0 0 10 0 0 0 0 13 0 8 0 0 0 0 10 0 10 0 0 0 11 0 0 0 0 0 0 0 13 0 0 12 0 0 0 0 0 0 0 12 0 0 0 
0 0 0 11 0 0 0 10 0 0 0 0 0 0 10 10 0 0 0 0 0 0 0 0 0 0 0 0 0 0 9 0 0 0 0 0 0 12 0 0 7 0 9 0 0 0 0 0 0 0 0 12 6 0 0 10 0 9 0 0 
