8 8 0 0 10 10 0 7 5 0 0 0 8 11 0 12 10 10 10 0 8 12 0 9 9 10 0 0 14 8 
9 12 13 0 0 7 9 0 0 0 0 0 10 0 0 8 0 0 0 6 0 0 0 0 0 0 0 7 12 9 
12 0 11 0 7 8 9 7 0 8 0 0 0 12 12 8 9 9 10 9 0 11 0 0 11 9 9 0 14 0 
0 9 0 15 0 0 0 8 8 15 0 0 16 0 0 7 12 9 0 0 0 14 12 11 0 0 16 6 0 0 
10 7 9 0 0 0 0 9 7 0 0 0 0 11 16 0 0 0 6 7 0 9 0 11 9 0 8 10 0 9 
11 0 9 0 11 0 12 12 11 9 11 0 0 10 13 9 0 0 0 12 8 0 0 8 11 11 16 6 9 10 
10 9 12 8 0 0 13 12 0 10 0 0 0 9 0 9 0 0 10 0 0 0 13 0 0 7 12 0 13 0 
0 0 0 0 0 0 0 0 8 14 6 10 0 0 12 0 0 0 10 10 10 0 0 10 9 0 0 0 0 10 
10 10 0 0 0 12 0 8 0 0 15 5 0 0 11 0 0 9 0 9 0 11 12 0 0 0 6 0 0 8 
0 0 0 0 4 10 0 0 0 11 0 0 13 16 11 16 11 0 0 12 0 0 10 0 0 0 0 0 11 0 
6 13 0 7 8 11 0 10 7 0 13 0 13 8 12 0 8 13 11 0 11 0 0 11 9 0 0 0 0 0 
0 11 0 8 10 0 8 11 9 11 0 9 0 0 13 0 12 0 12 0 7 0 0 8 13 9 0 0 11 0 
0 11 9 10 0 0 0 14 0 7 0 11 10 10 0 10 11 0 0 8 10 11 7 0 0 0 0 0 0 0 
0 12 0 8 0 14 0 15 13 7 10 7 0 0 13 0 0 0 10 0 0 0 8 10 7 0 8 0 9 9 
12 0 0 0 10 9 0 0 12 0 0 0 0 10 0 7 11 13 7 12 12 0 0 0 7 0 0 0 12 0 
0 10 0 0 12 0 0 9 0 0 0 9 0 10 11 0 0 8 0 13 0 7 0 0 11 0 0 0 0 8 
0 0 0 7 12 13 0 0 9 12 0 9 0 10 10 0 13 0 9 12 12 7 11 0 14 11 8 0 9 9 
0 8 0 0 0 12 7 0 11 0 0 0 6 10 11 8 0 9 10 11 0 11 0 0 0 13 11 0 11 10 
8 0 5 0 0 11 0 0 12 10 12 0 0 0 0 0 0 9 0 0 7 9 7 6 0 12 0 13 11 0 
0 10 0 9 0 11 6 0 9 0 0 11 0 0 0 0 0 0 8 8 13 9 12 0 11 10 0 13 15 15 
13 0 0 13 0 9 0 10 0 9 0 0 8 10 0 14 5 13 0 10 0 0 10 0 0 0 12 0 12 8 
0 0 8 0 0 0 0 12 9 0 10 0 0 0 10 11 0 0 10 9 10 9 6 13 11 8 0 11 11 0 
0 13 11 0 13 8 0 8 12 0 0 0 0 8 9 9 0 11 9 8 12 0 9 0 10 9 0 0 6 8 
0 0 11 0 0 0 0 11 0 11 0 0 0 10 13 0 0 14 12 0 0 0 0 10 0 7 0 11 0 0 
0 12 6 12 0 0 0 0 0 11 0 0 0 0 11 0 0 0 0 10 0 0 0 0 0 0 0 0 0 7 
0 0 11 0 0 0 9 12 0 0 0 6 11 11 0 0 12 0 0 11 0 7 11 12 13 11 0 0 0 0 
0 0 0 9 0 0 0 15 12 0 0 10 9 0 9 11 5 0 12 7 0 0 10 0 10 8 0 14 0 0 
0 12 9 0 9 11 0 0 7 0 0 8 12 0 0 11 12 8 13 12 9 14 0 0 11 8 0 11 11 9 
11 0 0 0 0 14 0 0 0 7 11 0 0 11 0 0 11 0 9 7 14 0 13 12 0 7 11 10 6 13 
0 0 0 11 7 0 0 10 0 0 0 0 6 0 11 7 0 9 10 0 10 10 12 0 10 10 6 0 0 10 
