0 0 11 9 14 0 0 0 11 0 11 7 13 10 10 0 7 0 0 0 11 10 0 13 10 0 12 6 11 12 
11 10 8 8 16 10 0 0 0 10 0 0 9 0 12 0 0 0 10 0 12 13 11 0 11 13 6 9 10 10 
0 0 0 13 0 12 12 9 13 8 12 12 10 0 0 10 0 0 9 0 10 0 0 8 5 0 0 10 0 10 
0 8 0 0 0 14 6 9 13 10 0 0 11 0 11 0 10 9 0 0 9 0 11 0 9 0 8 13 0 8 
11 0 0 11 0 9 12 9 8 11 8 10 9 13 12 11 13 9 8 0 0 0 9 12 10 0 11 10 8 0 
10 0 0 11 9 11 9 13 0 13 0 0 0 10 14 9 11 13 9 0 0 12 14 0 0 15 0 0 11 0 
9 9 0 12 6 12 10 7 8 8 12 9 0 14 0 0 10 0 15 5 0 8 0 0 0 9 10 13 0 0 
8 0 12 8 12 9 8 10 12 13 10 0 7 13 15 0 0 11 0 8 0 12 10 9 16 0 0 12 0 0 
14 0 13 0 11 0 11 0 12 0 0 12 8 0 10 12 0 11 8 9 9 7 12 6 0 11 8 0 0 0 
12 0 0 0 15 12 10 0 0 7 0 11 10 0 10 6 11 12 9 11 0 7 14 0 0 9 15 0 9 0 
8 10 0 0 0 0 6 11 11 10 0 14 9 7 11 0 7 10 7 12 12 12 14 11 11 0 0 0 11 11 
8 13 7 0 0 0 0 5 0 0 11 0 10 10 11 12 0 0 13 10 10 8 9 0 11 0 0 0 0 5 
0 0 0 0 0 11 0 0 11 12 16 0 0 9 14 11 11 0 0 0 7 12 7 12 11 9 11 9 7 8 
0 10 6 0 0 0 0 12 0 8 13 0 8 10 0 0 8 10 6 0 7 6 10 0 8 9 10 13 0 0 
12 6 10 12 10 13 0 9 12 10 0 10 10 0 0 10 8 0 8 8 0 11 10 8 13 0 0 0 12 0 
13 7 12 0 11 8 14 8 0 11 0 0 14 13 5 8 10 10 9 8 9 13 11 9 8 8 0 10 0 7 
0 8 0 8 14 12 12 12 17 7 12 11 0 0 0 0 0 0 14 11 11 8 0 0 0 10 0 7 12 0 
12 0 0 0 9 10 9 0 0 11 9 10 10 10 0 0 0 9 8 8 8 0 6 0 0 9 11 11 0 11 
8 0 9 6 13 8 7 10 11 13 0 9 0 0 10 0 12 11 9 11 10 10 0 13 0 0 0 0 11 14 
8 0 9 10 12 0 0 0 14 0 9 11 0 10 9 8 8 10 0 0 6 6 0 8 10 10 10 0 0 13 
11 8 0 10 10 10 13 0 0 9 9 0 9 10 11 11 11 10 0 9 15 9 10 0 0 12 10 4 10 0 
7 0 0 11 8 0 9 0 10 8 11 0 13 12 0 0 0 11 11 15 0 13 7 0 0 0 0 7 10 11 
0 15 0 0 0 0 0 0 11 11 12 14 9 0 0 0 7 0 0 0 14 0 13 9 12 7 12 10 0 0 
0 10 9 8 9 12 11 7 0 0 10 0 0 12 10 6 13 9 11 12 11 8 10 11 9 0 0 9 11 7 
11 0 0 11 0 12 9 0 0 0 13 10 0 0 0 9 11 0 11 0 12 10 0 0 8 13 0 12 0 12 
10 0 13 0 13 12 11 12 0 9 0 9 11 8 0 12 0 10 0 13 11 12 0 0 0 13 10 0 11 0 
10 0 14 7 10 0 13 11 10 7 0 6 0 0 7 0 12 0 0 8 0 7 11 6 15 12 11 0 6 6 
0 0 7 9 9 11 9 0 0 0 9 0 9 0 7 0 0 9 0 0 0 0 10 0 11 9 9 0 12 7 
9 13 9 9 9 13 0 0 0 0 12 12 0 0 6 12 0 12 0 9 9 0 9 8 14 0 11 8 8 0 
11 7 0 0 11 0 10 0 12 11 0 0 4 0 0 8 12 0 0 0 0 9 0 9 10 11 0 10 14 8 
