9 11 0 0 0 0 11 0 0 0 12 0 0 11 10 0 0 9 
8 0 0 0 0 0 0 11 0 0 9 0 0 0 0 0 5 0 
0 0 10 11 9 0 0 0 0 0 0 0 0 0 0 0 11 0 
11 8 10 0 0 0 0 0 14 0 0 0 0 0 0 0 10 0 
0 11 0 8 0 10 0 0 0 0 0 0 0 0 0 12 10 0 
13 0 0 0 11 0 0 0 0 15 0 0 0 0 0 0 0 0 
0 0 0 0 0 0 0 10 0 9 9 0 0 11 9 12 0 0 
0 0 0 0 0 0 0 0 11 0 0 0 0 0 0 0 14 0 
0 0 0 0 14 0 0 12 0 13 0 0 0 0 0 0 0 0 
10 10 0 11 0 0 0 0 0 0 0 0 12 10 0 0 0 0 
0 0 0 0 0 0 0 0 0 0 12 0 12 0 10 0 0 11 
0 0 0 0 0 0 0 0 0 0 0 0 0 0 13 0 0 0 
0 0 0 0 0 0 0 0 0 0 0 0 0 0 0 0 0 0 
0 0 0 9 0 9 0 7 0 12 0 0 8 4 0 0 8 0 
0 0 0 0 10 0 0 0 0 0 0 0 0 0 0 11 8 0 
0 0 0 10 0 0 0 0 0 0 8 0 12 0 9 0 0 0 
0 0 0 11 0 0 12 11 0 0 0 12 0 0 0 0 0 11 
0 0 0 0 0 0 0 9 0 9 9 6 11 13 11 0 0 0 
0 0 0 0 0 0 11 14 0 12 0 0 0 0 0 0 0 9 
0 0 9 7 12 0 0 0 0 13 9 0 0 0 0 0 0 0 
0 7 0 0 0 0 0 0 0 0 0 0 0 11 0 0 0 0 
0 0 0 0 0 0 12 0 0 0 0 11 0 0 7 0 11 0 
8 0 0 11 0 0 0 0 8 0 8 0 0 0 0 0 6 0 
0 0 0 0 0 0 0 0 0 0 11 0 0 0 9 0 7 0 
0 0 0 10 0 0 0 0 0 11 0 0 0 11 0 0 0 0 
0 0 0 0 0 0 0 0 0 0 0 0 0 0 10 0 11 8 
0 0 8 11 0 0 0 6 0 13 0 0 0 0 0 0 0 0 
0 0 0 0 7 13 0 0 0 0 0 0 0 0 0 0 0 0 
0 6 14 14 8 9 0 0 9 0 0 0 0 12 0 0 0 0 
0 0 0 12 0 14 0 0 0 0 0 0 0 0 0 0 0 0 
0 0 0 0 0 0 0 0 0 11 0 0 0 0 13 0 7 8 
0 9 0 0 8 0 7 0 0 0 0 0 0 14 6 11 0 0 
0 0 0 0 0 0 0 0 0 11 0 0 10 0 0 0 0 8 
0 11 9 0 0 0 0 0 0 0 0 0 0 0 0 0 9 0 
0 0 0 12 0 0 0 12 11 0 0 0 9 13 11 0 0 12 
9 13 8 0 0 0 0 0 0 0 0 10 0 0 0 0 10 15 
0 0 0 0 12 0 13 11 7 0 0 0 0 12 0 0 0 0 
0 0 0 0 10 0 0 0 7 0 8 0 0 0 11 0 0 0 
0 0 0 0 0 0 0 0 0 0 0 13 0 9 0 0 0 0 
10 8 9 0 0 0 11 0 0 0 14 7 0 0 0 0 11 0 
0 11 0 0 0 0 0 0 0 0 10 0 0 0 0 6 9 0 
11 0 0 0 0 0 0 0 0 0 6 0 13 9 0 14 9 0 
0 10 0 12 0 0 0 8 0 0 12 0 0 0 0 0 0 0 
7 0 6 0 0 0 0 12 0 0 0 0 10 11 0 0 0 0 
0 10 12 0 0 0 0 0 0 0 0 0 0 0 0 0 10 0 
0 0 0 0 11 0 0 0 0 0 0 0 10 0 11 0 0 0 
0 12 0 0 0 0 0 0 0 0 0 13 0 0 0 0 0 0 
0 0 8 0 10 0 0 12 0 0 11 0 0 0 0 0 0 0 
0 15 0 0 0 0 0 9 7 0 13 0 0 9 0 8 0 0 
6 0 0 0 10 0 0 0 0 0 0 12 0 0 0 10 0 0 
0 0 0 0 10 0 0 0 0 0 0 0 0 10 0 12 0 10 
0 0 0 11 0 0 11 10 0 0 0 10 15 0 0 8 0 0 
0 0 0 0 0 0 0 0 0 10 0 0 0 0 0 0 0 10 
0 0 13 0 0 0 7 0 0 0 7 0 0 0 0 13 0 0 
0 0 0 0 0 0 0 0 12 10 0 0 0 0 12 0 0 0 
0 0 9 9 0 9 0 0 0 13 8 0 0 0 0 0 8 8 
0 0 8 0 0 0 0 0 0 0 0 0 8 0 9 0 0 0 
0 0 0 0 0 0 0 0 0 9 0 0 0 0 0 11 0 0 
10 0 0 7 7 0 0 0 0 0 0 0 0 0 0 0 9 0 
0 0 0 11 0 0 0 10 0 0 0 0 0 0 10 10 0 0 
