0 0 0 9 0 0 0 0 10 0 0 0 0 12 0 0 0 0 0 0 8 10 12 0 12 0 0 0 11 0 0 15 9 0 9 0 0 0 12 0 0 0 0 12 0 0 11 10 0 0 0 8 10 0 12 0 0 0 0 0 
0 0 0 0 0 0 0 0 12 0 0 12 0 0 0 8 7 0 0 0 0 16 0 0 8 0 0 0 0 0 0 10 0 0 0 9 13 0 0 0 0 12 0 0 0 0 0 0 0 0 12 0 0 0 14 0 0 0 12 14 
0 8 0 0 9 0 0 0 0 0 9 0 10 0 0 0 0 0 0 0 9 0 0 0 0 10 0 8 10 0 0 0 0 10 11 8 0 0 0 0 0 0 10 13 7 0 11 0 0 0 0 0 11 0 10 0 0 0 8 0 
0 0 0 14 0 12 11 0 0 0 0 0 9 0 7 13 10 0 0 0 0 0 0 0 0 0 3 0 13 0 0 0 0 0 8 9 9 0 12 0 0 8 0 10 11 0 0 11 10 14 0 10 0 10 0 15 0 0 11 0 
0 9 0 0 11 9 0 0 11 0 0 0 0 0 0 0 0 0 0 0 0 0 0 0 0 0 0 0 9 11 11 0 14 0 11 0 12 10 0 0 0 0 0 14 0 0 15 0 0 0 11 0 0 0 10 8 0 0 0 11 
0 8 0 0 12 0 0 0 0 0 12 8 9 0 10 0 0 0 11 9 0 0 0 0 8 0 0 0 0 9 0 0 0 0 0 0 0 0 10 0 15 0 0 0 0 0 9 0 13 0 0 7 0 8 0 13 0 0 7 0 
0 0 0 14 11 0 13 0 9 0 10 0 0 0 0 14 0 0 0 0 6 8 0 0 0 0 0 0 0 0 0 0 0 0 0 0 0 0 0 0 0 0 0 0 6 0 0 0 0 0 0 0 0 0 0 0 0 0 0 0 
0 0 0 0 8 0 0 0 0 11 0 0 0 11 0 0 7 12 0 0 8 0 12 0 0 11 0 0 11 0 0 0 0 0 5 0 0 0 0 9 0 8 0 12 0 0 0 7 0 0 0 0 0 12 11 11 0 0 0 0 
0 0 0 0 11 8 0 7 9 0 7 0 0 10 0 0 0 0 8 12 0 0 0 11 12 11 11 0 0 7 0 7 0 8 0 0 9 0 0 0 0 0 0 10 0 0 12 0 0 0 0 0 0 0 0 0 0 13 0 0 
0 10 12 10 0 10 0 0 0 0 0 0 11 0 9 0 0 0 0 0 0 9 10 9 9 0 9 0 0 0 0 0 0 13 0 9 0 0 10 12 8 0 0 0 0 10 0 0 12 0 0 0 0 0 0 7 0 8 13 0 
0 12 0 12 0 0 0 15 0 0 0 12 0 0 0 0 0 0 12 10 0 6 0 0 0 0 0 0 0 0 0 0 0 0 0 11 0 0 0 0 10 0 0 15 0 0 10 0 0 0 0 0 7 0 8 0 11 0 0 0 
12 0 14 0 0 0 0 0 0 0 0 0 0 0 0 0 0 0 0 0 0 10 0 11 0 0 12 13 10 0 0 13 0 6 0 0 0 13 0 6 0 9 0 12 0 0 12 0 0 0 7 10 0 12 11 0 0 0 0 0 
0 14 11 0 0 0 0 0 0 0 7 0 0 13 0 16 0 10 11 0 13 7 0 7 12 0 0 0 5 0 0 0 9 0 0 0 9 0 11 0 9 0 11 0 10 0 12 0 0 0 10 6 0 11 0 0 0 0 0 12 
10 0 0 14 7 8 0 0 12 12 0 0 0 0 0 0 9 0 10 0 6 0 0 0 0 0 14 8 0 0 0 0 0 0 0 0 0 0 14 0 9 10 0 0 0 10 0 0 0 0 0 0 0 0 11 0 0 0 12 0 
0 0 0 8 0 0 0 0 0 0 0 0 0 0 0 0 0 0 0 0 0 10 10 15 13 0 0 7 0 0 0 7 10 0 11 14 10 0 0 0 0 0 0 0 9 0 0 0 10 0 8 0 0 0 8 10 5 0 8 9 
0 0 0 0 0 0 0 0 12 0 12 11 0 0 0 0 11 12 0 0 0 10 0 0 0 0 0 0 0 9 0 0 0 10 0 0 0 0 9 0 0 0 10 13 0 11 0 0 0 0 0 11 8 13 0 12 10 0 13 0 
9 7 0 0 11 10 10 0 13 0 0 0 0 0 9 0 0 0 0 0 11 0 0 0 0 0 0 8 7 0 0 0 0 0 9 0 0 9 0 0 10 0 11 0 11 0 0 0 12 10 11 0 10 0 9 0 0 0 0 0 
0 0 9 0 7 0 0 0 0 0 0 0 0 0 0 0 0 0 0 0 0 0 0 10 0 16 0 10 0 9 8 0 0 11 10 0 0 0 0 0 0 15 11 8 0 0 0 0 0 0 0 0 5 13 13 0 0 0 0 11 
0 8 15 0 0 0 0 0 0 0 0 0 11 13 0 0 0 0 0 9 12 0 0 9 0 0 0 0 0 12 9 7 0 0 0 0 12 0 7 0 8 0 0 0 0 0 0 0 13 11 16 0 13 0 0 0 7 0 0 0 
0 0 0 0 0 0 13 0 0 10 0 12 0 0 0 0 0 8 0 0 0 0 12 0 0 0 0 0 0 0 0 0 0 0 10 0 0 0 0 0 0 0 0 0 10 0 0 0 0 0 14 0 0 6 0 0 11 12 13 0 
10 11 0 0 0 0 0 0 9 0 0 0 0 0 9 7 0 0 0 0 0 0 0 0 10 12 0 12 0 0 0 0 0 0 0 0 9 0 0 0 0 8 10 0 0 0 0 0 0 0 0 0 0 10 8 0 13 12 0 0 
0 9 0 0 0 0 10 0 0 0 0 8 10 11 16 8 0 0 10 0 10 8 0 0 11 0 0 0 8 0 0 0 10 12 0 0 0 0 0 12 0 10 0 8 0 0 0 0 0 13 8 0 0 0 13 0 0 0 0 0 
9 0 0 0 0 0 12 0 0 0 0 0 0 0 0 0 0 0 0 0 11 7 0 0 0 0 0 0 0 0 0 0 0 0 0 13 10 12 8 0 0 0 11 0 8 0 10 0 0 0 0 0 0 0 0 9 0 0 0 0 
0 0 0 0 10 0 0 12 9 9 0 0 0 10 12 0 0 0 12 7 10 0 9 5 8 0 9 0 0 12 0 0 0 0 0 0 0 0 11 8 0 0 0 0 0 0 9 9 0 12 11 8 9 7 0 14 0 13 0 0 
0 0 7 0 0 0 0 0 0 0 0 0 8 0 0 0 0 9 0 7 6 0 0 0 9 0 0 0 0 0 8 0 0 0 0 0 0 0 10 0 0 0 12 12 0 7 0 0 0 0 0 0 0 10 0 0 0 0 0 5 
13 12 0 10 0 0 0 8 0 0 0 0 0 0 12 0 0 0 4 0 0 0 10 9 0 11 0 0 0 10 0 0 0 11 5 0 0 0 0 11 10 0 10 0 0 0 0 0 0 0 0 0 0 0 10 8 0 0 0 11 
0 0 13 11 0 9 11 0 7 0 6 0 0 0 12 13 0 0 0 10 0 0 0 0 13 12 0 0 0 0 0 0 0 0 0 11 0 0 0 0 0 0 0 0 0 0 0 8 0 9 0 0 0 9 0 0 0 0 0 0 
0 0 11 0 11 0 0 0 0 10 10 10 0 0 0 9 9 0 0 0 10 11 0 0 0 0 11 0 12 0 0 0 0 14 7 0 9 11 0 0 0 0 6 14 0 0 0 8 0 0 0 9 0 10 0 0 0 6 12 0 
0 0 0 8 10 12 0 7 10 0 13 0 12 0 8 0 0 0 0 0 0 0 0 12 0 0 9 0 11 0 0 0 13 0 0 11 0 0 0 0 0 0 0 0 10 0 0 0 0 0 0 6 8 0 0 0 8 10 0 6 
0 0 0 0 11 9 8 0 11 0 0 0 7 0 0 10 0 10 10 0 9 0 9 0 0 0 0 11 0 11 12 0 0 0 0 6 11 11 0 13 9 0 7 0 13 0 0 0 8 0 8 0 0 11 0 0 0 10 11 10 
0 0 0 0 0 12 8 8 0 0 7 0 0 16 0 0 0 0 0 0 0 10 0 0 0 0 0 0 0 9 0 0 7 0 0 0 0 0 0 0 0 0 0 0 0 8 11 8 13 8 0 0 0 0 0 12 8 0 0 0 
0 0 0 0 0 10 11 0 0 14 0 16 12 12 0 0 10 5 0 0 8 11 0 12 0 0 0 0 0 0 0 0 8 0 0 0 0 11 0 0 9 0 0 9 10 0 0 0 0 11 12 11 9 10 9 0 9 0 0 0 
8 0 9 11 0 0 0 12 0 0 0 0 9 0 0 10 11 0 0 0 0 9 0 0 0 0 0 0 0 10 0 0 0 10 0 0 0 0 0 0 0 14 0 0 0 0 0 0 0 11 8 11 0 12 0 8 13 8 12 0 
0 0 0 0 0 0 0 0 8 0 0 13 0 13 11 0 0 0 11 0 9 0 0 7 10 9 10 0 0 0 0 0 11 0 0 0 0 0 8 0 0 0 0 10 0 0 10 12 0 0 0 9 0 0 0 0 0 0 0 8 
0 0 0 0 8 0 10 0 0 0 0 0 0 0 0 0 0 0 11 0 0 10 0 0 9 0 0 0 0 0 10 0 14 0 11 0 0 0 0 0 0 0 10 0 0 0 0 0 0 0 0 10 0 0 0 8 9 10 0 9 
0 0 0 0 7 0 0 16 7 0 0 0 0 0 0 0 0 0 10 0 0 0 0 13 7 9 7 0 0 7 0 0 0 0 0 0 0 0 0 0 0 0 0 11 0 13 0 0 10 0 0 0 0 0 10 10 0 0 0 0 
0 0 14 0 10 0 0 0 0 7 0 0 8 0 0 0 0 0 0 11 0 0 0 0 11 0 0 13 0 0 0 6 0 0 0 12 0 0 11 0 0 16 0 9 15 6 0 12 0 0 0 0 0 0 13 7 0 0 11 0 
0 0 0 0 0 7 0 0 0 0 0 0 0 0 8 0 0 0 8 0 11 0 0 0 0 9 0 0 6 0 0 0 0 0 0 0 0 0 0 0 0 0 0 9 0 0 0 0 0 0 0 11 0 12 0 0 8 0 0 0 
0 0 0 0 0 13 13 0 0 0 0 0 0 0 0 12 10 0 10 0 8 0 9 12 0 0 0 10 0 0 6 0 0 0 0 0 7 10 0 0 9 0 0 0 0 0 0 0 9 0 8 0 7 7 0 0 0 0 0 0 
0 0 0 0 0 0 0 0 0 0 0 0 0 0 0 0 0 0 0 0 0 0 10 0 0 0 11 0 9 9 0 0 7 0 0 9 0 0 10 0 8 0 0 0 0 0 6 0 0 0 0 0 11 0 0 0 0 0 7 0 
0 0 9 0 12 0 0 11 0 0 0 0 11 0 0 0 0 0 0 11 11 0 0 0 0 0 0 0 0 0 11 0 0 0 10 0 0 0 0 0 0 0 12 0 0 0 9 0 0 8 0 0 0 0 0 0 7 7 0 0 
0 0 0 0 0 0 9 7 0 0 0 0 0 8 6 0 12 0 0 0 10 10 0 0 0 0 0 0 0 0 0 10 0 8 0 0 0 0 0 12 8 11 9 11 13 6 9 0 11 0 0 10 13 9 0 0 0 0 0 0 
0 12 0 0 0 0 0 0 0 0 0 0 9 9 0 0 0 6 0 0 0 13 0 10 9 0 12 0 0 0 0 0 0 0 12 0 0 0 10 0 0 0 0 11 0 12 0 0 0 10 0 8 11 0 9 0 0 7 0 0 
0 0 0 0 0 0 10 7 0 11 0 0 0 0 0 0 12 0 9 10 0 0 0 9 0 0 0 0 0 0 10 0 0 0 0 0 0 0 7 0 0 0 0 0 0 10 0 0 0 0 0 0 0 0 0 0 12 0 12 13 
9 0 0 0 0 0 13 11 0 10 0 0 7 9 0 0 0 0 0 11 11 11 7 0 8 0 11 0 0 0 0 0 0 13 0 0 10 0 0 0 0 0 0 0 0 0 0 10 0 0 11 7 7 9 0 13 0 0 0 0 
0 0 6 13 0 0 10 0 11 11 0 0 0 7 8 0 0 0 0 0 0 7 0 0 0 9 0 0 8 13 0 9 0 0 0 0 9 0 0 0 12 0 0 0 0 0 8 0 0 0 0 13 0 0 0 10 0 0 0 11 
0 0 0 0 0 0 14 9 11 7 10 0 8 9 0 6 9 0 0 12 0 10 0 0 0 0 0 0 0 0 0 0 0 0 0 0 0 11 13 0 0 0 0 0 0 12 0 12 10 0 0 9 0 8 0 0 12 0 0 7 
0 7 0 0 14 9 11 0 0 0 9 0 0 0 10 14 0 0 0 0 0 0 0 0 11 0 8 0 10 0 10 0 0 11 0 0 0 0 0 0 0 0 0 0 0 0 0 0 11 10 0 0 0 0 0 0 0 10 0 0 
8 0 0 0 0 0 11 0 14 0 0 0 13 8 0 0 0 0 0 0 0 9 9 0 0 0 0 0 0 11 0 0 0 9 0 0 11 0 0 0 0 8 7 0 0 12 0 0 0 0 12 0 0 0 0 0 0 11 0 0 
12 0 0 8 0 0 0 0 0 12 0 0 10 11 11 0 0 0 0 0 0 0 0 11 0 0 0 0 13 10 0 0 0 0 0 0 10 0 0 0 0 0 11 0 0 0 0 0 0 0 0 0 11 8 0 0 0 0 8 0 
0 12 0 10 0 9 0 0 6 0 0 0 0 13 0 7 0 11 0 0 0 0 0 6 0 0 0 9 0 10 8 0 0 8 0 14 0 10 11 12 0 12 0 0 0 11 0 0 12 0 0 0 11 0 0 0 0 0 0 0 
8 8 11 0 0 10 0 0 7 14 0 0 0 14 0 8 0 0 11 0 11 0 5 9 0 0 0 12 0 0 0 0 9 0 7 0 0 5 11 0 10 0 13 0 0 11 0 15 0 0 0 0 0 0 0 6 10 0 0 9 
13 0 0 10 0 0 0 0 0 9 0 0 0 0 11 0 0 14 0 0 12 9 15 0 9 0 0 0 0 0 0 0 11 0 0 0 0 0 0 0 0 0 9 0 13 0 11 0 9 0 0 7 0 0 0 10 7 0 0 6 
0 0 14 0 8 0 12 0 10 0 0 13 11 5 0 0 0 0 0 0 0 0 0 0 0 0 0 0 0 0 9 0 9 8 0 0 0 10 0 0 0 0 0 0 10 0 0 0 10 0 0 0 10 0 7 0 0 0 0 0 
0 11 8 11 0 0 0 0 0 0 0 0 7 0 13 0 0 0 13 16 12 0 0 0 0 10 0 0 9 0 11 0 0 0 12 0 0 0 10 0 13 0 0 0 0 0 0 0 0 0 0 6 0 11 0 0 7 0 0 0 
0 0 0 0 0 6 0 0 6 0 13 0 0 11 0 0 0 0 0 9 0 0 12 0 0 0 11 0 12 8 12 0 10 10 0 0 0 7 0 0 0 0 9 0 0 0 5 0 0 7 0 0 0 0 8 0 9 0 0 11 
0 0 0 12 0 7 0 0 0 0 0 13 0 0 0 0 9 0 7 0 0 0 0 0 10 9 0 0 0 0 0 9 13 10 0 11 10 0 0 6 0 13 0 0 0 0 0 7 11 0 13 0 0 10 8 11 0 10 0 0 
0 0 12 10 0 10 0 12 0 0 0 0 11 0 0 10 0 0 0 0 13 0 0 9 13 0 0 9 0 0 0 10 0 7 0 0 0 0 0 0 0 13 0 0 0 12 0 0 0 9 0 0 0 0 12 0 0 8 0 0 
0 5 0 0 0 0 0 0 0 12 0 0 0 0 0 12 0 8 0 0 0 10 9 14 11 0 0 0 0 14 0 0 0 12 0 0 0 0 0 0 9 7 0 0 0 0 0 0 0 0 0 0 0 0 0 11 8 0 0 0 
11 0 0 0 0 8 10 10 0 11 0 0 0 0 10 0 13 14 0 0 0 0 0 0 0 11 0 0 0 0 0 11 0 0 14 8 13 13 12 0 0 0 0 13 0 0 13 15 0 0 0 0 0 0 10 0 0 0 0 7 
