0 0 0 0 7 0 9 0 0 10 0 0 0 10 0 0 0 12 0 12 0 0 7 0 0 0 0 0 0 8 
0 0 11 0 0 9 0 0 0 0 8 0 0 12 0 0 0 14 0 10 0 5 0 0 14 0 13 11 10 0 
0 0 10 0 0 13 0 0 0 0 12 8 0 0 8 17 11 8 0 0 0 8 0 9 0 0 0 0 0 0 
0 0 9 9 11 0 0 7 0 0 0 0 10 4 0 12 0 0 0 0 0 13 10 0 0 10 12 9 0 0 
0 0 0 0 11 0 13 10 10 14 0 11 8 0 0 12 0 0 8 8 10 0 11 9 14 13 13 9 12 11 
0 0 10 0 0 11 4 12 11 12 14 11 8 0 11 10 0 0 0 0 0 0 0 10 0 9 0 8 0 0 
0 0 0 0 0 10 0 13 9 12 0 0 0 13 10 13 12 6 0 0 0 0 12 0 0 0 9 0 8 9 
0 6 0 0 0 0 10 0 13 0 0 9 0 10 0 0 0 9 0 0 0 10 0 6 8 11 0 4 12 0 
0 0 11 0 10 0 0 6 0 0 0 0 7 0 0 0 0 11 0 0 0 0 0 0 0 8 0 0 0 13 
9 0 0 11 0 0 0 8 7 9 0 0 0 12 0 0 0 0 0 0 0 9 10 9 10 0 8 10 9 12 
8 0 0 0 0 0 0 0 0 0 12 10 11 0 0 0 0 0 15 0 0 0 8 0 11 0 11 11 0 0 
0 7 0 0 11 0 0 0 12 0 0 13 9 13 10 0 0 0 8 7 0 0 0 0 7 11 0 0 0 0 
0 10 0 10 16 0 0 0 11 0 0 0 0 6 0 0 0 8 14 7 0 0 0 9 12 7 0 0 12 0 
0 0 0 10 0 11 10 12 0 0 0 14 11 13 0 0 0 12 0 10 0 0 0 0 0 0 13 0 11 7 
12 0 0 0 0 0 0 9 9 0 0 0 0 0 10 0 0 0 0 0 0 9 7 0 9 0 0 0 0 0 
0 0 14 0 0 0 0 0 14 8 0 0 9 11 0 0 11 0 0 10 13 12 0 12 10 12 11 0 9 0 
0 0 7 0 0 12 14 6 0 0 0 13 0 0 13 0 0 13 13 0 0 12 0 0 0 0 10 0 0 0 
11 0 9 8 0 0 0 6 7 0 0 0 0 15 7 0 0 0 0 6 10 0 14 13 0 0 0 0 0 0 
0 0 0 0 0 6 0 0 0 0 0 0 7 11 12 10 0 0 0 5 8 0 0 0 9 0 0 7 0 0 
0 0 6 0 0 0 10 0 10 0 7 11 0 0 0 0 8 13 0 6 13 8 11 0 0 0 10 0 0 0 
8 7 0 10 0 0 0 10 13 0 0 0 0 0 5 0 0 9 8 0 9 0 0 11 12 8 10 10 0 0 
0 10 10 0 10 0 0 9 0 13 0 0 11 0 9 0 0 0 0 0 11 7 0 7 0 0 10 0 8 0 
0 11 0 12 0 10 0 0 0 0 0 0 0 0 0 6 14 12 0 9 8 0 11 9 0 0 0 0 0 0 
9 14 14 0 0 0 0 0 0 0 0 0 0 13 0 0 11 10 0 5 0 14 0 0 0 0 0 0 13 9 
0 0 0 10 0 0 0 0 10 0 7 9 13 10 0 0 10 0 0 8 10 0 0 9 0 0 9 9 0 9 
0 10 13 0 9 0 0 0 8 0 12 0 0 0 9 0 8 0 16 12 0 9 0 0 10 9 0 0 0 0 
11 0 9 10 0 0 9 0 0 0 0 0 0 0 8 8 14 0 0 0 9 0 0 9 8 10 0 7 9 0 
10 0 0 7 0 0 12 8 0 0 9 0 0 8 0 9 0 9 0 0 0 9 11 0 0 7 0 0 0 0 
13 0 12 9 0 10 11 0 10 0 7 8 0 11 0 7 10 0 0 10 0 11 0 9 13 9 0 10 6 0 
0 0 0 0 0 0 0 0 0 0 7 0 0 0 0 0 13 0 0 0 0 10 11 9 0 8 0 0 10 0 
