0 0 0 0 0 10 9 0 0 0 0 12 0 0 0 0 0 0 12 0 9 0 8 0 0 0 0 0 0 11 0 0 0 0 
0 0 0 0 8 0 0 0 0 0 10 0 0 0 0 0 0 0 13 10 9 0 0 0 0 0 0 0 10 0 0 0 0 0 
0 0 12 0 0 10 10 0 12 0 0 0 0 0 0 0 0 0 0 9 0 0 9 0 0 0 12 0 0 0 0 0 8 10 
0 11 0 0 0 0 0 0 0 6 10 0 0 0 0 0 0 0 0 0 0 0 0 0 0 0 0 0 0 0 0 0 11 0 
0 0 0 0 0 0 0 0 0 0 0 10 0 0 0 0 0 12 10 0 0 0 0 0 0 0 0 0 0 0 0 13 0 0 
0 0 8 0 11 0 0 0 0 12 0 7 0 0 13 0 0 0 0 10 0 0 0 11 0 11 0 11 0 0 6 11 0 0 
10 0 0 0 7 0 10 0 0 0 0 10 0 0 0 0 0 0 0 0 0 8 0 0 12 0 0 13 0 0 11 11 0 0 
0 0 0 0 0 0 13 0 0 0 0 0 0 0 0 0 0 0 0 0 0 0 8 0 0 9 14 0 0 0 0 9 0 8 
0 0 0 0 12 0 11 0 0 0 0 0 14 11 7 0 15 0 0 0 0 0 10 0 0 6 0 11 0 0 0 12 0 11 
0 13 0 0 0 0 0 0 0 0 0 0 0 0 0 13 0 0 0 0 0 0 11 0 9 0 0 0 0 14 0 0 0 0 
0 13 0 0 0 0 11 0 7 8 0 0 9 0 7 12 0 0 0 0 0 0 0 0 10 0 0 0 0 11 0 0 0 0 
0 0 0 0 0 0 7 0 0 0 0 12 0 9 0 11 0 0 0 0 0 0 8 0 0 0 0 0 0 0 10 0 0 9 
9 0 11 0 0 0 0 10 0 0 0 0 0 0 0 7 0 0 9 7 10 0 10 0 0 0 0 0 0 9 0 0 0 12 
9 11 11 0 0 0 10 0 0 10 0 0 0 0 0 0 7 0 12 0 0 0 13 9 0 0 11 0 0 16 0 0 0 0 
0 0 0 0 0 0 9 0 8 10 0 0 0 0 0 0 6 0 9 0 0 0 9 0 0 12 0 0 11 0 12 0 0 0 
10 0 0 0 0 9 0 0 12 0 0 0 0 9 0 9 0 0 0 9 0 0 0 9 0 0 11 7 0 0 9 0 0 0 
0 0 0 0 9 0 0 0 7 0 0 0 0 0 0 0 0 0 0 0 0 0 0 0 0 12 0 11 0 0 9 0 0 0 
0 0 0 0 12 0 11 0 0 0 9 0 0 0 0 0 0 8 0 11 0 0 8 0 0 0 0 0 12 12 6 10 0 0 
0 0 0 0 0 0 0 0 0 9 0 10 11 0 0 14 0 0 0 10 0 0 12 0 0 0 0 0 0 8 0 10 0 0 
8 0 0 12 6 0 0 0 0 10 0 0 0 0 0 0 0 0 0 0 0 0 8 0 9 0 0 0 10 0 0 0 0 0 
0 0 0 0 0 0 0 7 0 0 0 0 0 0 0 8 0 0 10 0 0 0 0 0 0 0 0 0 8 0 0 0 0 0 
0 0 13 0 0 0 0 0 0 0 0 0 0 0 0 0 0 0 0 0 0 0 0 0 0 0 0 0 0 0 0 0 0 11 
0 0 0 0 0 0 0 7 10 0 0 0 11 0 0 6 0 0 0 0 0 0 0 10 0 0 9 0 0 0 0 0 0 10 
0 0 16 0 0 13 0 12 0 0 0 0 0 0 0 0 0 12 0 0 0 0 5 0 0 0 0 6 0 0 0 0 5 0 
0 14 0 0 0 0 0 0 0 0 8 0 5 8 0 0 0 0 0 8 0 0 9 0 0 0 14 0 0 8 0 0 0 0 
0 0 0 0 12 0 14 0 8 0 0 0 11 0 0 0 0 0 11 7 0 10 0 0 0 0 0 0 0 0 0 0 0 0 
0 0 0 0 0 0 13 10 0 0 0 0 0 0 11 13 0 0 0 0 0 0 0 0 0 0 0 0 0 0 0 0 0 8 
0 0 9 0 10 0 0 0 0 0 0 10 13 0 0 0 0 0 0 0 0 0 0 0 0 10 0 0 0 0 10 10 0 0 
0 0 0 0 0 0 0 0 15 0 0 0 8 0 0 0 9 6 0 0 0 12 0 0 0 0 0 13 0 0 0 0 12 0 
0 11 0 0 11 0 0 0 0 8 0 0 0 0 0 0 0 0 0 0 0 0 9 0 0 7 0 0 0 8 0 0 0 0 
0 0 0 7 0 0 0 0 0 12 0 0 0 0 0 11 0 0 0 0 0 0 0 0 0 0 0 0 0 0 0 0 0 0 
12 0 0 0 0 0 10 0 0 0 0 13 10 0 0 12 0 0 0 0 14 9 0 0 0 0 0 0 0 0 0 0 10 0 
0 0 0 0 0 10 0 0 0 0 0 6 0 0 0 0 0 0 0 0 0 11 0 11 0 12 11 8 7 0 0 13 0 0 
0 0 12 0 12 6 0 0 11 11 0 0 0 0 0 0 0 0 0 0 0 9 0 15 9 8 0 8 7 0 0 0 0 12 
0 0 0 0 0 11 0 0 0 0 0 0 15 0 0 0 0 0 0 11 0 10 0 0 0 0 0 0 0 6 0 0 0 0 
0 0 0 0 0 0 0 0 0 0 0 0 0 11 0 0 0 0 12 0 0 0 0 6 0 0 0 0 0 0 13 11 0 0 
0 0 13 10 0 0 0 0 0 0 0 0 0 8 0 0 0 0 0 0 0 0 0 0 9 0 0 0 0 0 0 0 14 0 
0 0 0 15 0 0 0 0 0 15 0 0 0 0 11 0 0 0 0 0 0 0 0 9 0 13 0 12 0 0 0 0 0 0 
0 0 0 0 0 0 0 6 0 0 0 13 0 0 0 0 0 8 11 0 0 6 0 0 0 0 0 0 0 0 0 0 0 0 
0 0 0 0 7 0 0 0 0 0 0 0 0 0 0 0 10 0 0 12 0 0 0 0 0 12 0 0 0 9 10 0 0 0 
0 0 0 0 0 0 0 8 0 0 14 12 0 0 7 10 0 0 10 10 0 0 0 0 0 0 0 8 0 12 0 0 0 0 
10 0 0 10 0 0 0 0 0 0 9 0 0 0 8 0 0 0 8 0 0 0 14 9 0 0 0 10 0 0 0 0 0 0 
8 15 0 0 0 0 0 0 0 0 0 0 0 0 0 0 0 0 0 0 7 0 0 0 0 0 0 0 7 0 0 0 10 0 
0 0 0 8 0 0 0 13 0 0 0 0 12 0 0 0 0 10 11 7 0 10 0 0 0 0 0 0 0 0 0 0 8 0 
0 11 0 0 0 0 0 0 11 9 0 0 0 0 0 0 0 0 0 0 0 0 0 0 0 0 13 0 0 0 0 0 0 0 
0 0 10 0 0 0 0 0 0 0 0 0 0 0 0 0 0 0 0 0 0 0 8 0 0 0 0 0 0 11 0 0 0 0 
0 7 0 0 0 0 0 10 10 9 0 0 0 0 0 0 14 0 0 0 0 8 0 0 0 0 0 0 0 0 0 0 13 0 
0 0 0 0 0 0 0 0 8 0 0 0 0 0 0 0 8 8 0 0 8 0 6 0 0 0 0 0 0 10 0 11 0 0 
0 0 0 10 12 0 0 0 12 0 0 0 0 0 0 0 0 0 0 0 0 0 0 0 0 10 0 0 0 6 11 0 0 0 
7 0 0 0 0 0 0 0 0 13 0 9 0 9 0 12 0 10 0 0 0 0 0 0 0 0 10 0 0 0 0 0 0 0 
0 14 0 0 0 0 0 0 0 0 0 8 0 13 0 0 0 0 0 0 0 0 13 0 0 0 0 0 0 0 0 0 0 0 
9 10 0 0 0 0 0 0 0 0 0 0 0 0 0 0 0 0 9 8 9 8 0 0 0 0 0 10 0 0 0 0 0 0 
0 0 0 0 0 0 0 0 0 0 0 11 0 0 0 0 0 0 13 0 0 8 5 0 10 0 0 0 0 0 0 0 0 0 
0 0 0 0 0 0 10 10 7 0 14 0 13 0 0 0 0 0 0 13 0 0 0 0 0 0 10 0 0 0 10 0 12 0 
0 13 0 10 0 12 11 0 10 0 0 0 11 0 0 0 0 0 0 0 0 0 0 0 9 0 0 0 0 0 0 0 7 0 
0 0 14 0 0 0 0 0 0 0 0 13 0 0 0 0 0 0 10 0 0 0 0 0 0 0 0 0 8 0 0 0 0 0 
8 10 0 0 0 0 0 10 0 0 7 0 0 0 7 0 0 6 0 11 0 0 0 0 0 0 0 0 9 15 9 0 0 0 
0 0 0 6 0 7 0 0 9 0 7 9 8 0 11 0 0 0 0 0 0 0 0 0 0 11 0 0 0 0 0 0 0 0 
10 11 0 0 0 0 0 0 0 0 0 0 0 0 0 0 10 12 0 10 0 0 8 0 0 12 0 0 0 0 0 0 0 0 
0 0 8 0 0 0 14 0 0 0 10 9 0 0 12 0 0 0 0 0 0 11 0 0 0 0 0 0 0 0 0 0 0 0 
0 9 0 0 0 0 0 9 0 16 0 0 0 8 10 0 0 0 9 0 0 0 10 0 0 0 0 0 0 0 7 0 0 0 
0 0 0 0 0 0 11 0 0 0 0 0 0 0 0 0 0 0 0 0 0 0 0 0 0 0 8 0 0 0 0 0 0 0 
4 16 0 0 12 0 0 11 0 0 0 0 0 9 7 7 7 0 0 0 0 0 0 0 0 0 0 9 0 0 0 0 12 0 
0 0 0 0 0 0 0 10 0 0 0 0 0 9 0 0 15 0 0 0 0 0 0 0 0 0 0 0 0 0 0 9 0 0 
0 0 0 0 0 0 0 0 15 0 0 0 0 10 0 0 7 10 0 0 0 0 0 0 0 0 0 0 9 0 0 0 0 0 
0 0 10 6 0 0 0 0 0 0 10 0 0 0 12 0 0 0 0 0 0 0 9 0 0 0 0 0 0 0 0 0 0 0 
7 4 0 0 0 6 0 8 0 0 0 0 0 0 0 0 0 0 0 0 0 0 0 0 8 0 0 0 0 0 0 0 0 0 
0 0 0 9 6 0 0 0 0 0 0 0 0 0 12 0 0 0 0 9 0 0 0 0 0 0 0 8 11 7 13 0 8 15 
0 0 0 0 13 8 0 8 0 7 0 0 0 0 13 0 0 11 0 6 0 11 0 10 12 0 0 0 0 0 11 0 0 10 
0 0 0 0 0 0 0 0 0 0 0 12 0 0 0 10 10 0 0 8 0 0 14 0 0 0 0 0 0 0 0 0 0 0 
0 0 0 0 0 0 0 0 0 0 0 0 0 0 0 8 0 0 15 0 0 10 0 13 0 0 9 8 0 0 0 0 0 0 
0 11 10 0 0 10 13 0 0 0 11 0 0 0 0 0 0 0 8 0 8 0 0 0 0 0 0 0 0 0 0 0 0 0 
0 0 0 12 0 0 0 11 0 9 14 0 0 0 12 0 0 0 0 0 0 0 0 0 0 0 0 0 11 12 0 0 0 0 
0 0 0 0 12 0 6 0 0 13 0 0 0 0 0 0 0 0 0 0 0 0 0 0 11 0 0 0 11 0 10 0 0 0 
10 5 0 0 0 8 0 0 9 12 0 10 0 0 0 0 0 0 0 0 0 0 0 0 0 0 0 12 0 9 10 0 0 0 
0 0 0 0 0 0 0 0 0 0 0 0 0 12 0 0 0 12 0 0 0 0 9 0 0 0 11 0 0 11 0 0 10 0 
0 0 0 0 0 0 0 0 0 0 0 0 0 0 0 0 0 0 0 0 0 0 0 0 0 13 0 0 0 15 0 0 0 0 
11 0 0 0 7 0 0 0 10 0 0 13 0 0 0 0 0 0 0 0 0 0 0 0 0 0 0 0 0 0 0 0 0 0 
0 9 0 0 0 0 11 0 0 0 0 11 0 0 0 0 0 0 10 0 8 0 6 0 4 0 7 0 0 0 0 0 7 7 
0 0 0 0 0 0 0 9 13 0 0 8 0 0 0 0 0 12 0 11 0 0 0 0 0 0 7 0 0 0 0 0 0 0 
0 0 0 9 0 0 0 0 0 0 0 0 0 9 0 0 0 11 11 0 9 0 9 0 0 0 0 0 0 0 0 0 0 0 
5 0 0 0 8 0 0 0 0 0 12 0 0 0 0 10 0 0 13 0 0 0 0 0 0 0 0 10 0 6 0 0 5 0 
0 9 7 0 0 0 0 11 0 8 0 0 0 10 0 0 11 0 0 6 0 0 0 7 0 0 0 0 9 0 0 0 0 0 
9 0 0 9 0 0 0 0 0 0 0 0 8 0 0 0 0 0 0 0 0 7 0 0 0 0 0 0 0 0 0 0 0 0 
0 0 0 0 9 0 0 0 0 0 0 0 15 0 0 0 0 11 11 0 0 9 9 0 0 0 0 0 0 0 0 0 0 0 
0 0 0 0 0 0 11 0 0 0 0 10 0 0 0 0 0 10 0 0 0 0 0 12 0 9 0 0 0 0 11 0 0 0 
0 0 0 0 0 0 0 0 0 0 0 0 0 0 0 0 0 0 0 0 0 0 9 0 0 0 0 0 0 0 0 0 0 0 
0 9 11 0 0 0 12 12 0 13 10 0 0 11 0 0 0 0 0 0 0 0 0 0 0 0 6 0 0 0 0 0 12 11 
0 0 0 0 0 0 0 0 0 11 9 0 0 0 0 0 0 0 0 0 0 0 7 9 13 0 0 0 0 0 0 0 0 0 
0 0 0 0 0 0 0 0 0 0 0 0 10 0 0 0 0 12 0 0 13 7 11 0 0 12 13 0 0 0 0 0 0 0 
10 0 0 0 0 15 0 0 0 0 10 0 0 0 0 0 0 0 0 0 0 0 13 0 12 0 10 0 0 0 0 0 0 11 
11 0 0 0 0 0 0 0 0 0 0 0 10 9 0 10 8 0 0 0 0 0 0 6 0 0 0 0 0 0 9 0 0 0 
0 0 0 0 0 0 9 0 0 0 0 0 0 0 0 0 0 0 0 0 0 0 0 0 0 0 12 0 0 13 0 0 0 0 
0 7 0 0 0 0 0 0 0 0 0 0 7 0 0 0 0 9 0 13 0 0 11 0 0 0 7 0 10 11 0 0 11 0 
0 11 9 0 8 0 0 0 0 0 13 0 0 0 0 0 5 0 8 0 14 0 0 0 10 7 0 0 0 0 0 0 0 0 
0 0 0 0 0 0 0 16 0 0 12 0 0 10 0 8 0 0 15 0 0 0 0 10 9 0 0 0 0 0 0 11 12 0 
12 0 0 0 0 10 0 0 0 0 0 0 0 0 9 5 0 0 8 0 0 0 0 0 0 0 0 0 0 0 0 0 0 0 
0 0 0 0 11 9 0 0 0 0 0 11 0 0 0 0 0 0 0 0 0 0 0 0 9 0 0 0 0 0 0 0 0 0 
7 0 0 0 0 0 0 10 0 0 0 9 9 0 0 6 0 0 12 0 0 10 0 10 0 0 0 0 0 9 0 0 0 0 
0 0 0 0 0 0 0 0 0 0 0 0 0 0 0 0 13 0 0 0 0 0 10 0 0 0 0 10 0 0 0 0 5 10 
0 0 0 0 0 5 12 0 0 11 0 0 0 0 0 0 0 0 0 0 0 0 0 5 0 0 0 0 12 0 0 0 0 0 
8 12 13 0 0 0 0 0 0 0 0 0 0 0 12 0 0 0 0 0 0 8 0 0 0 0 0 0 10 0 0 0 0 0 
10 0 0 0 0 9 9 0 0 0 0 0 0 7 12 10 0 0 9 0 0 0 0 0 11 0 0 0 0 12 0 0 9 0 
0 0 0 0 0 0 11 10 8 0 0 0 0 4 10 8 0 0 11 0 0 0 8 0 0 0 0 0 12 0 13 0 0 0 
0 0 10 11 11 0 0 7 0 0 0 0 10 0 0 0 0 0 0 0 0 12 0 13 11 0 0 0 0 0 0 0 0 0 
0 11 0 0 0 5 0 0 0 0 0 0 0 0 0 0 0 0 0 0 0 0 0 0 9 10 0 0 0 8 0 11 0 9 
0 9 0 10 11 0 0 0 0 9 0 0 11 10 12 9 9 0 0 0 0 0 0 0 0 0 0 0 0 11 0 0 0 0 
14 8 0 0 0 0 0 0 0 9 0 0 0 0 0 12 12 0 0 0 0 0 8 0 0 0 0 0 0 7 8 0 0 11 
8 0 0 0 0 9 0 6 0 0 0 0 0 0 0 0 10 0 0 0 0 0 0 0 0 0 7 0 12 0 0 0 0 7 
0 0 0 0 12 0 0 0 0 12 0 0 0 0 0 15 0 10 0 12 0 0 0 0 0 0 0 6 0 14 0 0 0 0 
0 0 0 11 0 0 0 13 0 9 0 0 9 0 0 13 0 0 0 0 8 0 0 10 0 0 0 9 0 0 0 12 0 0 
0 9 0 0 0 0 0 0 8 0 0 0 0 0 0 0 0 0 0 0 0 10 0 0 0 15 0 0 11 14 6 0 5 0 
0 0 14 0 0 0 0 0 0 0 13 0 11 0 0 0 0 0 0 9 0 0 0 0 9 0 0 0 0 0 0 0 0 0 
0 10 0 0 0 9 0 7 0 0 0 0 0 0 8 0 11 0 0 0 10 9 0 0 0 0 0 0 0 0 0 0 0 0 
13 8 0 0 0 8 7 0 0 0 0 0 0 12 10 0 0 0 10 0 0 0 0 0 0 11 0 0 0 0 0 0 0 7 
0 0 0 10 0 0 0 0 0 0 0 0 0 11 0 0 0 0 0 11 0 0 0 0 0 0 0 0 5 0 0 0 13 0 
0 0 10 0 12 0 10 0 0 0 0 0 0 0 0 0 0 0 10 13 0 0 11 9 0 13 0 0 0 0 0 7 0 13 
0 0 13 0 0 0 0 0 10 0 0 0 0 0 0 0 0 0 11 0 0 0 10 0 9 0 7 0 0 0 0 0 0 0 
0 0 0 0 0 0 0 12 0 0 0 0 0 0 9 7 0 0 0 0 10 0 0 0 0 8 0 0 0 7 8 0 0 0 
0 0 0 0 0 0 0 0 0 12 0 0 11 0 11 0 0 0 11 0 0 8 0 0 0 7 0 10 0 0 0 0 0 0 
3460 -858993460 -858993460 -858993460 -858993460 -858993460 -858993460 -858993460 -858993460 -858993460 -858993460 -858993460 -858993460 
-858993460 -858993460 -858993460 -858993460 -858993460 -858993460 -858993460 -858993460 -858993460 -858993460 -858993460 -858993460 -858993460 -858993460 -858993460 -858993460 -858993460 -858993460 -858993460 -858993460 -858993460 -858993460 -858993460 -858993460 -858993460 -858993460 -858993460 -858993460 -858993460 -858993460 -858993460 -858993460 -858993460 -858993460 
-858993460 -858993460 -858993460 -858993460 -858993460 -858993460 -858993460 -858993460 -858993460 -858993460 -858993460 -858993460 -858993460 -858993460 -858993460 -858993460 -858993460 -858993460 -858993460 -858993460 -858993460 -858993460 -858993460 -858993460 -858993460 -858993460 -858993460 -858993460 -858993460 -858993460 -858993460 -858993460 -858993460 -858993460 
-858993460 -858993460 -858993460 -858993460 -858993460 -858993460 -858993460 -858993460 -858993460 -858993460 -858993460 -858993460 -858993460 -858993460 -858993460 -858993460 -858993460 -858993460 -858993460 -858993460 -858993460 -858993460 -858993460 -858993460 -858993460 -858993460 -858993460 -858993460 -858993460 -858993460 -858993460 -858993460 -858993460 -858993460 
-858993460 -858993460 -858993460 -858993460 -858993460 -858993460 -858993460 -858993460 -858993460 -858993460 -858993460 -858993460 -858993460 -858993460 -858993460 -858993460 -858993460 -858993460 -858993460 -858993460 -858993460 -858993460 -858993460 -858993460 -858993460 -858993460 -858993460 -858993460 -858993460 -858993460 -858993460 -858993460 -858993460 -858993460 
-858993460 -858993460 -858993460 -858993460 -858993460 -858993460 -858993460 -858993460 -858993460 -858993460 -858993460 -858993460 -858993460 -858993460 -858993460 -858993460 -858993460 -858993460 -858993460 -858993460 -858993460 -858993460 -858993460 -858993460 -858993460 -858993460 -858993460 -858993460 -858993460 -858993460 -858993460 -858993460 -858993460 -858993460 
-858993460 -858993460 -858993460 -858993460 -858993460 -858993460 -858993460 -858993460 -858993460 -858993460 -858993460 -858993460 -858993460 -858993460 -858993460 -858993460 -858993460 -858993460 -858993460 -858993460 -858993460 -858993460 -858993460 -858993460 -858993460 -858993460 -858993460 -858993460 -858993460 -858993460 -858993460 -858993460 -858993460 -858993460 
-858993460 -858993460 -858993460 -858993460 -858993460 -858993460 -858993460 -858993460 -858993460 -858993460 -858993460 -858993460 -858993460 -858993460 -858993460 -858993460 -858993460 -858993460 -858993460 -858993460 -858993460 -858993460 -858993460 -858993460 -858993460 -858993460 -858993460 -858993460 -858993460 -858993460 -858993460 -858993460 -858993460 -858993460 
-858993460 -858993460 -858993460 -858993460 -858993460 -858993460 -858993460 -858993460 -858993460 -858993460 -858993460 -858993460 -858993460 -858993460 -858993460 -858993460 -858993460 -858993460 -858993460 -858993460 -858993460 -858993460 -858993460 -858993460 -858993460 -858993460 -858993460 -858993460 -858993460 -858993460 -858993460 -858993460 -858993460 -858993460 
-858993460 -858993460 -858993460 -858993460 -858993460 -858993460 -858993460 -858993460 -858993460 -858993460 -858993460 -858993460 -858993460 -858993460 -858993460 -858993460 -858993460 -858993460 -858993460 -858993460 -858993460 -858993460 -858993460 -858993460 -858993460 -858993460 -858993460 -858993460 -858993460 -858993460 -858993460 -858993460 -858993460 -858993460 
-858993460 -858993460 -858993460 -858993460 -858993460 -858993460 -858993460 -858993460 -858993460 -858993460 -858993460 -858993460 -858993460 -858993460 -858993460 -858993460 -858993460 -858993460 -858993460 -858993460 -858993460 -858993460 -858993460 -858993460 -858993460 -858993460 -858993460 -858993460 -858993460 -858993460 -858993460 -858993460 -858993460 -858993460 
-858993460 -858993460 -858993460 -858993460 -858993460 -858993460 -858993460 -858993460 -858993460 -858993460 -858993460 -858993460 -858993460 -858993460 -858993460 -858993460 -858993460 -858993460 -858993460 -858993460 -858993460 -858993460 -858993460 -858993460 -858993460 -858993460 -858993460 -858993460 -858993460 -858993460 -858993460 -858993460 -858993460 -858993460 
-858993460 -858993460 -858993460 -858993460 -858993460 -858993460 -858993460 -858993460 -858993460 -858993460 -858993460 -858993460 -858993460 -858993460 -858993460 -858993460 -858993460 -858993460 -858993460 -858993460 -858993460 -858993460 -858993460 -858993460 -858993460 -858993460 -858993460 -858993460 -858993460 -858993460 -858993460 -858993460 -858993460 -858993460 
-858993460 -858993460 -858993460 -858993460 -858993460 -858993460 -858993460 -858993460 -858993460 -858993460 -858993460 -858993460 -858993460 -858993460 -858993460 -858993460 -858993460 -858993460 -858993460 -858993460 -858993460 -858993460 -858993460 -858993460 -858993460 -858993460 -858993460 -858993460 -858993460 -858993460 -858993460 -858993460 -858993460 -858993460 
-858993460 -858993460 -858993460 -858993460 -858993460 -858993460 -858993460 -858993460 -858993460 -858993460 -858993460 -858993460 -858993460 -858993460 -858993460 -858993460 -858993460 -858993460 -858993460 -858993460 -858993460 -858993460 -858993460 -858993460 -858993460 -858993460 -858993460 -858993460 -858993460 -858993460 -858993460 -858993460 -858993460 -858993460 
-858993460 -858993460 -858993460 -858993460 -858993460 -858993460 -858993460 -858993460 -858993460 -858993460 -858993460 -858993460 -858993460 -858993460 -858993460 -858993460 -858993460 -858993460 -858993460 -858993460 -858993460 -858993460 -858993460 -858993460 -858993460 -858993460 -858993460 -858993460 -858993460 -858993460 -858993460 -858993460 -858993460 -858993460 
-858993460 -858993460 -858993460 -858993460 -858993460 -858993460 -858993460 -858993460 -858993460 -858993460 -858993460 -858993460 -858993460 -858993460 -858993460 -858993460 -858993460 -858993460 -858993460 -858993460 -858993460 -858993460 -858993460 -858993460 -858993460 -858993460 -858993460 -858993460 -858993460 -858993460 -858993460 -858993460 -858993460 -858993460 
-858993460 -858993460 -858993460 -858993460 -858993460 -858993460 -858993460 -858993460 -858993460 -858993460 -858993460 -858993460 -858993460 -858993460 -858993460 -858993460 -858993460 -858993460 -858993460 -858993460 -858993460 -858993460 -858993460 -858993460 -858993460 -858993460 -858993460 -858993460 -858993460 -858993460 -858993460 -858993460 -858993460 -858993460 
-858993460 -858993460 -858993460 -858993460 -858993460 -858993460 -858993460 -858993460 -858993460 -858993460 -858993460 -858993460 -858993460 -858993460 -858993460 -858993460 -858993460 -858993460 -858993460 -858993460 -858993460 -858993460 -858993460 -858993460 -858993460 -858993460 -858993460 -858993460 -858993460 -858993460 -858993460 -858993460 -858993460 -858993460 
-858993460 -858993460 -858993460 -858993460 -858993460 -858993460 -858993460 -858993460 -858993460 -858993460 -858993460 -858993460 -858993460 -858993460 -858993460 -858993460 -858993460 -858993460 -858993460 -858993460 -858993460 -858993460 -858993460 -858993460 -858993460 -858993460 -858993460 -858993460 -858993460 -858993460 -858993460 -858993460 -858993460 -858993460 
-858993460 -858993460 -858993460 -858993460 -858993460 -858993460 -858993460 -858993460 -858993460 -858993460 -858993460 -858993460 -858993460 -858993460 -858993460 -858993460 -858993460 -858993460 -858993460 -858993460 -858993460 -858993460 -858993460 -858993460 -858993460 -858993460 -858993460 -858993460 -858993460 -858993460 -858993460 -858993460 -858993460 -858993460 
-858993460 -858993460 -858993460 -858993460 -858993460 -858993460 -858993460 -858993460 -858993460 -858993460 -858993460 -858993460 -858993460 -858993460 -858993460 -858993460 -858993460 -858993460 -858993460 -858993460 -858993460 -858993460 -858993460 -858993460 -858993460 -858993460 -858993460 -858993460 -858993460 -858993460 -858993460 -858993460 -858993460 -858993460 
-858993460 -858993460 -858993460 -858993460 -858993460 -858993460 -858993460 -858993460 -858993460 -858993460 -858993460 -858993460 -858993460 -858993460 -858993460 -858993460 -858993460 -858993460 -858993460 -858993460 -858993460 -858993460 -858993460 -858993460 -858993460 -858993460 -858993460 -858993460 -858993460 -858993460 -858993460 -858993460 -858993460 -858993460 
-858993460 -858993460 -858993460 -858993460 -858993460 -858993460 -858993460 -858993460 -858993460 -858993460 -858993460 -858993460 -858993460 -858993460 -858993460 -858993460 -858993460 -858993460 -858993460 -858993460 -858993460 -858993460 -858993460 -858993460 -858993460 -858993460 -858993460 -858993460 -858993460 -858993460 -858993460 -858993460 -858993460 -858993460 
-858993460 -858993460 -858993460 -858993460 -858993460 -858993460 -858993460 -858993460 -858993460 -858993460 -858993460 -858993460 -858993460 -858993460 -858993460 -858993460 -858993460 -858993460 -858993460 -858993460 -858993460 -858993460 -858993460 -858993460 -858993460 -858993460 -858993460 -858993460 -858993460 -858993460 -858993460 -858993460 -858993460 -858993460 
-858993460 -858993460 -858993460 -858993460 -858993460 -858993460 -858993460 -858993460 -858993460 -858993460 -858993460 -858993460 -858993460 -858993460 -858993460 -858993460 -858993460 -858993460 -858993460 -858993460 -858993460 -858993460 -858993460 -858993460 -858993460 -858993460 -858993460 -858993460 -858993460 -858993460 -858993460 -858993460 -858993460 -858993460 
-858993460 -858993460 -858993460 -858993460 -858993460 -858993460 -858993460 -858993460 -858993460 -858993460 -858993460 -858993460 -858993460 -858993460 -858993460 -858993460 -858993460 -858993460 -858993460 -858993460 -858993460 -858993460 -858993460 -858993460 -858993460 -858993460 -858993460 -858993460 -858993460 -858993460 -858993460 -858993460 -858993460 -858993460 
-858993460 -858993460 -858993460 -858993460 -858993460 -858993460 -858993460 -858993460 -858993460 -858993460 -858993460 -858993460 -858993460 -858993460 -858993460 -858993460 -858993460 -858993460 -858993460 -858993460 -858993460 -858993460 -858993460 -858993460 -858993460 -858993460 -858993460 -858993460 -858993460 -858993460 -858993460 -858993460 -858993460 -858993460 
-858993460 -858993460 -858993460 -858993460 -858993460 -858993460 -858993460 -858993460 -858993460 -858993460 -858993460 -858993460 -858993460 -858993460 -858993460 -858993460 -858993460 -858993460 -858993460 -858993460 -858993460 -858993460 -858993460 -858993460 -858993460 -858993460 -858993460 -858993460 -858993460 -858993460 -858993460 -858993460 -858993460 -858993460 
-858993460 -858993460 -858993460 -858993460 -858993460 -858993460 -858993460 -858993460 -858993460 -858993460 -858993460 -858993460 -858993460 -858993460 -858993460 -858993460 -858993460 -858993460 -858993460 -858993460 -858993460 -858993460 -858993460 -858993460 -858993460 -858993460 -858993460 -858993460 -858993460 -858993460 -858993460 -858993460 -858993460 -858993460 
-858993460 -858993460 -858993460 -858993460 -858993460 -858993460 -858993460 -858993460 -858993460 -858993460 -858993460 -858993460 -858993460 -858993460 -858993460 -858993460 -858993460 -858993460 -858993460 -858993460 -858993460 -858993460 -858993460 -858993460 -858993460 -858993460 -858993460 -858993460 -858993460 -858993460 -858993460 -858993460 -858993460 -858993460 
-858993460 -858993460 -858993460 -858993460 -858993460 -858993460 -858993460 -858993460 -858993460 -858993460 -858993460 -858993460 -858993460 -858993460 -858993460 -858993460 -858993460 -858993460 -858993460 -858993460 -858993460 -858993460 -858993460 -858993460 -858993460 -858993460 -858993460 -858993460 -858993460 -858993460 -858993460 -858993460 -858993460 -858993460 
-858993460 -858993460 -858993460 -858993460 -858993460 -858993460 -858993460 -858993460 -858993460 -858993460 -858993460 -858993460 -858993460 -858993460 -858993460 -858993460 -858993460 -858993460 -858993460 -858993460 -858993460 -858993460 -858993460 -858993460 -858993460 -858993460 -858993460 -858993460 -858993460 -858993460 -858993460 -858993460 -858993460 -858993460 
-858993460 -858993460 -858993460 -858993460 -858993460 -858993460 -858993460 -858993460 -858993460 -858993460 -858993460 -858993460 -858993460 -858993460 -858993460 -858993460 -858993460 -858993460 -858993460 -858993460 -858993460 -858993460 -858993460 -858993460 -858993460 -858993460 -858993460 -858993460 -858993460 -858993460 -858993460 -858993460 -858993460 -858993460 
-858993460 -858993460 -858993460 -858993460 -858993460 -858993460 -858993460 -858993460 -858993460 -858993460 -858993460 -858993460 -858993460 -858993460 -858993460 -858993460 -858993460 -858993460 -858993460 -858993460 -858993460 -858993460 -858993460 -858993460 -858993460 -858993460 -858993460 -858993460 -858993460 -858993460 -858993460 -858993460 -858993460 -858993460 
-858993460 -858993460 -858993460 -858993460 -858993460 -858993460 -858993460 -858993460 -858993460 -858993460 -858993460 -858993460 -858993460 -858993460 -858993460 -858993460 -858993460 -858993460 -858993460 -858993460 -858993460 -858993460 -858993460 -858993460 -858993460 -858993460 -858993460 -858993460 -858993460 -858993460 -858993460 -858993460 -858993460 -858993460 
-858993460 -858993460 -858993460 -858993460 -858993460 -858993460 -858993460 -858993460 -858993460 -858993460 -858993460 -858993460 -858993460 -858993460 -858993460 -858993460 -858993460 -858993460 -858993460 -858993460 -858993460 -858993460 -858993460 -858993460 -858993460 -858993460 -858993460 -858993460 -858993460 -858993460 -858993460 -858993460 -858993460 -858993460 
-858993460 -858993460 -858993460 -858993460 -858993460 -858993460 -858993460 -858993460 -858993460 -858993460 -858993460 -858993460 -858993460 -858993460 -858993460 -858993460 -858993460 -858993460 -858993460 -858993460 -858993460 -858993460 -858993460 -858993460 -858993460 -858993460 -858993460 -858993460 -858993460 -858993460 -858993460 -858993460 -858993460 -858993460 
-858993460 -858993460 -858993460 -858993460 -858993460 -858993460 -858993460 -858993460 -858993460 -858993460 -858993460 -858993460 -858993460 -858993460 -858993460 -858993460 -858993460 -858993460 -858993460 -858993460 -858993460 -858993460 -858993460 -858993460 -858993460 -858993460 -858993460 -858993460 -858993460 -858993460 -858993460 -858993460 -858993460 -858993460 
-858993460 -858993460 -858993460 -858993460 -858993460 -858993460 -858993460 -858993460 -858993460 -858993460 -858993460 -858993460 -858993460 -858993460 -858993460 -858993460 -858993460 -858993460 -858993460 -858993460 -858993460 -858993460 -858993460 -858993460 -858993460 -858993460 -858993460 -858993460 -858993460 -858993460 -858993460 -858993460 -858993460 -858993460 
-858993460 -858993460 -858993460 -858993460 -858993460 -858993460 -858993460 -858993460 -858993460 -858993460 -858993460 -858993460 -858993460 -858993460 -858993460 -858993460 -858993460 -858993460 -858993460 -858993460 -858993460 -858993460 -858993460 -858993460 -858993460 -858993460 -858993460 -858993460 -858993460 -858993460 -858993460 -858993460 -858993460 -858993460 
-858993460 -858993460 -858993460 -858993460 -858993460 -858993460 -858993460 -858993460 -858993460 -858993460 -858993460 -858993460 -858993460 -858993460 -858993460 -858993460 -858993460 -858993460 -858993460 -858993460 -858993460 -858993460 -858993460 -858993460 -858993460 -858993460 -858993460 -858993460 -858993460 -858993460 -858993460 -858993460 -858993460 -858993460 
-858993460 -858993460 -858993460 -858993460 -858993460 -858993460 -858993460 -858993460 -858993460 -858993460 -858993460 -858993460 -858993460 -858993460 -858993460 -858993460 -858993460 -858993460 -858993460 -858993460 -858993460 -858993460 -858993460 -858993460 -858993460 -858993460 -858993460 -858993460 -858993460 -858993460 -858993460 -858993460 -858993460 -858993460 
-858993460 -858993460 -858993460 -858993460 -858993460 -858993460 -858993460 -858993460 -858993460 -858993460 -858993460 -858993460 -858993460 -858993460 -858993460 -858993460 -858993460 -858993460 -858993460 -858993460 -858993460 -858993460 -858993460 -858993460 -858993460 -858993460 -858993460 -858993460 -858993460 -858993460 -858993460 -858993460 -858993460 -858993460 
-858993460 -858993460 -858993460 -858993460 -858993460 -858993460 -858993460 -858993460 -858993460 -858993460 -858993460 -858993460 -858993460 -858993460 -858993460 -858993460 -858993460 -858993460 -858993460 -858993460 -858993460 -858993460 -858993460 -858993460 -858993460 -858993460 -858993460 -858993460 -858993460 -858993460 -858993460 -858993460 -858993460 -858993460 
-858993460 -858993460 -858993460 -858993460 -858993460 -858993460 -858993460 -858993460 -858993460 -858993460 -858993460 -858993460 -858993460 -858993460 -858993460 -858993460 -858993460 -858993460 -858993460 -858993460 -858993460 -858993460 -858993460 -858993460 -858993460 -858993460 -858993460 -858993460 -858993460 -858993460 -858993460 -858993460 -858993460 -858993460 
-858993460 -858993460 -858993460 -858993460 -858993460 -858993460 -858993460 -858993460 -858993460 -858993460 -858993460 -858993460 -858993460 -858993460 -858993460 -858993460 -858993460 -858993460 -858993460 -858993460 -858993460 -858993460 -858993460 -858993460 -858993460 -858993460 -858993460 -858993460 -858993460 -858993460 -858993460 -858993460 -858993460 -858993460 
-858993460 -858993460 -858993460 -858993460 -858993460 -858993460 -858993460 -858993460 -858993460 -858993460 -858993460 -858993460 -858993460 -858993460 -858993460 -858993460 -858993460 -858993460 -858993460 -858993460 -858993460 -858993460 -858993460 -858993460 -858993460 -858993460 -858993460 -858993460 -858993460 -858993460 -858993460 -858993460 -858993460 -858993460 
-858993460 -858993460 -858993460 -858993460 -858993460 -858993460 -858993460 -858993460 -858993460 -858993460 -858993460 -858993460 -858993460 -858993460 -858993460 -858993460 -858993460 -858993460 -858993460 -858993460 -858993460 -858993460 -858993460 -858993460 -858993460 -858993460 -858993460 -858993460 -858993460 -858993460 -858993460 -858993460 -858993460 -858993460 
-858993460 -858993460 -858993460 -858993460 -858993460 -858993460 -858993460 -858993460 -858993460 -858993460 -858993460 -858993460 -858993460 -858993460 -858993460 -858993460 -858993460 -858993460 -858993460 -858993460 -858993460 -858993460 -858993460 -858993460 -858993460 -858993460 -858993460 -858993460 -858993460 -858993460 -858993460 -858993460 -858993460 -858993460 
-858993460 -858993460 -858993460 -858993460 -858993460 -858993460 -858993460 -858993460 -858993460 -858993460 -858993460 -858993460 -858993460 -858993460 -858993460 -858993460 -858993460 -858993460 -858993460 -858993460 -858993460 -858993460 -858993460 -858993460 -858993460 -858993460 -858993460 -858993460 -858993460 -858993460 -858993460 -858993460 -858993460 -858993460 
-858993460 -858993460 -858993460 -858993460 -858993460 -858993460 -858993460 -858993460 -858993460 -858993460 -858993460 -858993460 -858993460 -858993460 -858993460 -858993460 -858993460 -858993460 -858993460 -858993460 -858993460 -858993460 -858993460 -858993460 -858993460 -858993460 -858993460 -858993460 -858993460 -858993460 -858993460 -858993460 -858993460 -858993460 
-858993460 -858993460 -858993460 -858993460 -858993460 -858993460 -858993460 -858993460 -858993460 -858993460 -858993460 -858993460 -858993460 -858993460 -858993460 -858993460 -858993460 -858993460 -858993460 -858993460 -858993460 -858993460 -858993460 -858993460 -858993460 -858993460 -858993460 -858993460 -858993460 -858993460 -858993460 -858993460 -858993460 -858993460 
-858993460 -858993460 -858993460 -858993460 -858993460 -858993460 -858993460 -858993460 -858993460 -858993460 -858993460 -858993460 -858993460 -858993460 -858993460 -858993460 -858993460 -858993460 -858993460 -858993460 -858993460 -858993460 -858993460 -858993460 -858993460 -858993460 -858993460 -858993460 -858993460 -858993460 -858993460 -858993460 -858993460 -858993460 
-858993460 -858993460 -858993460 -858993460 -858993460 -858993460 -858993460 -858993460 -858993460 -858993460 -858993460 -858993460 -858993460 -858993460 -858993460 -858993460 -858993460 -858993460 -858993460 -858993460 -858993460 -858993460 -858993460 -858993460 -858993460 -858993460 -858993460 -858993460 -858993460 -858993460 -858993460 -858993460 -858993460 -858993460 
-858993460 -858993460 -858993460 -858993460 -858993460 -858993460 -858993460 -858993460 -858993460 -858993460 -858993460 -858993460 -858993460 -858993460 -858993460 -858993460 -858993460 -858993460 -858993460 -858993460 -858993460 -858993460 -858993460 -858993460 -858993460 -858993460 -858993460 -858993460 -858993460 -858993460 -858993460 -858993460 -858993460 -858993460 
-858993460 -858993460 -858993460 -858993460 -858993460 -858993460 -858993460 -858993460 -858993460 -858993460 -858993460 -858993460 -858993460 -858993460 -858993460 -858993460 -858993460 -858993460 -858993460 -858993460 -858993460 -858993460 -858993460 -858993460 -858993460 -858993460 -858993460 -858993460 -858993460 -858993460 -858993460 -858993460 -858993460 -858993460 
-858993460 -858993460 -858993460 -858993460 -858993460 -858993460 -858993460 -858993460 -858993460 -858993460 -858993460 -858993460 -858993460 -858993460 -858993460 -858993460 -858993460 -858993460 -858993460 -858993460 -858993460 -858993460 -858993460 -858993460 -858993460 -858993460 -858993460 -858993460 -858993460 -858993460 -858993460 -858993460 -858993460 -858993460 
-858993460 -858993460 -858993460 -858993460 -858993460 -858993460 -858993460 -858993460 -858993460 -858993460 -858993460 -858993460 -858993460 -858993460 -858993460 -858993460 -858993460 -858993460 -858993460 -858993460 -858993460 -858993460 -858993460 -858993460 -858993460 -858993460 -858993460 -858993460 -858993460 -858993460 -858993460 -858993460 -858993460 -858993460 
-858993460 -858993460 -858993460 -858993460 -858993460 -858993460 -858993460 -858993460 -858993460 -858993460 -858993460 -858993460 -858993460 -858993460 -858993460 -858993460 -858993460 -858993460 -858993460 -858993460 -858993460 -858993460 -858993460 -858993460 -858993460 -858993460 -858993460 -858993460 -858993460 -858993460 -858993460 -858993460 -858993460 -858993460 
-858993460 -858993460 -858993460 -858993460 -858993460 -858993460 -858993460 -858993460 -858993460 -858993460 -858993460 -858993460 -858993460 -858993460 -858993460 -858993460 -858993460 -858993460 -858993460 -858993460 -858993460 -858993460 -858993460 -858993460 -858993460 -858993460 -858993460 -858993460 -858993460 -858993460 -858993460 -858993460 -858993460 -858993460 
-858993460 -858993460 -858993460 -858993460 -858993460 -858993460 -858993460 -858993460 -858993460 -858993460 -858993460 -858993460 -858993460 -858993460 -858993460 -858993460 -858993460 -858993460 -858993460 -858993460 -858993460 -858993460 -858993460 -858993460 -858993460 -858993460 -858993460 -858993460 -858993460 -858993460 -858993460 -858993460 -858993460 -858993460 
-858993460 -858993460 -858993460 -858993460 -858993460 -858993460 -858993460 -858993460 -858993460 -858993460 -858993460 -858993460 -858993460 -858993460 -858993460 -858993460 -858993460 -858993460 -858993460 -858993460 -858993460 -858993460 -858993460 -858993460 -858993460 -858993460 -858993460 -858993460 -858993460 -858993460 -858993460 -858993460 -858993460 -858993460 
-858993460 -858993460 -858993460 -858993460 -858993460 -858993460 -858993460 -858993460 -858993460 -858993460 -858993460 -858993460 -858993460 -858993460 -858993460 -858993460 -858993460 -858993460 -858993460 -858993460 -858993460 -858993460 -858993460 -858993460 -858993460 -858993460 -858993460 -858993460 -858993460 -858993460 -858993460 -858993460 -858993460 -858993460 
-858993460 -858993460 -858993460 -858993460 -858993460 -858993460 -858993460 -858993460 -858993460 -858993460 -858993460 -858993460 -858993460 -858993460 -858993460 -858993460 -858993460 -858993460 -858993460 -858993460 -858993460 -858993460 -858993460 -858993460 -858993460 -858993460 -858993460 -858993460 -858993460 -858993460 -858993460 -858993460 -858993460 -858993460 
-858993460 -858993460 -858993460 -858993460 -858993460 -858993460 -858993460 -858993460 -858993460 -858993460 -858993460 -858993460 -858993460 -858993460 -858993460 -858993460 -858993460 -858993460 -858993460 -858993460 -858993460 -858993460 -858993460 -858993460 -858993460 -858993460 -858993460 -858993460 -858993460 -858993460 -858993460 -858993460 -858993460 -858993460 
-858993460 -858993460 -858993460 -858993460 -858993460 -858993460 -858993460 -858993460 -858993460 -858993460 -858993460 -858993460 -858993460 -858993460 -858993460 -858993460 -858993460 -858993460 -858993460 -858993460 -858993460 -858993460 -858993460 -858993460 -858993460 -858993460 -858993460 -858993460 -858993460 -858993460 -858993460 -858993460 -858993460 -858993460 
-858993460 -858993460 -858993460 -858993460 -858993460 -858993460 -858993460 -858993460 -858993460 -858993460 -858993460 -858993460 -858993460 -858993460 -858993460 -858993460 -858993460 -858993460 -858993460 -858993460 -858993460 -858993460 -858993460 -858993460 -858993460 -858993460 -858993460 -858993460 -858993460 -858993460 -858993460 -858993460 -858993460 -858993460 
-858993460 -858993460 -858993460 -858993460 -858993460 -858993460 -858993460 -858993460 -858993460 -858993460 -858993460 -858993460 -858993460 -858993460 -858993460 -858993460 -858993460 -858993460 -858993460 -858993460 -858993460 -858993460 -858993460 -858993460 -858993460 -858993460 -858993460 -858993460 -858993460 -858993460 -858993460 -858993460 -858993460 -858993460 
-858993460 -858993460 -858993460 -858993460 -858993460 -858993460 -858993460 -858993460 -858993460 -858993460 -858993460 -858993460 -858993460 -858993460 -858993460 -858993460 -858993460 -858993460 -858993460 -858993460 -858993460 -858993460 -858993460 -858993460 -858993460 -858993460 -858993460 -858993460 -858993460 -858993460 -858993460 -858993460 -858993460 -858993460 
-858993460 -858993460 -858993460 -858993460 -858993460 -858993460 -858993460 -858993460 -858993460 -858993460 -858993460 -858993460 -858993460 -858993460 -858993460 -858993460 -858993460 -858993460 -858993460 -858993460 -858993460 -858993460 -858993460 -858993460 -858993460 -858993460 -858993460 -858993460 -858993460 -858993460 -858993460 -858993460 -858993460 -858993460 
-858993460 -858993460 -858993460 -858993460 -858993460 -858993460 -858993460 -858993460 -858993460 -858993460 -858993460 -858993460 -858993460 -858993460 -858993460 -858993460 -858993460 -858993460 -858993460 -858993460 -858993460 -858993460 -858993460 -858993460 -858993460 -858993460 -858993460 -858993460 -858993460 -858993460 -858993460 -858993460 -858993460 -858993460 
-858993460 -858993460 -858993460 -858993460 -858993460 -858993460 -858993460 -858993460 -858993460 -858993460 -858993460 -858993460 -858993460 -858993460 -858993460 -858993460 -858993460 -858993460 -858993460 -858993460 -858993460 -858993460 -858993460 -858993460 -858993460 -858993460 -858993460 -858993460 -858993460 -858993460 -858993460 -858993460 -858993460 -858993460 
-858993460 -858993460 -858993460 -858993460 -858993460 -858993460 -858993460 -858993460 -858993460 -858993460 -858993460 -858993460 -858993460 -858993460 -858993460 -858993460 -858993460 -858993460 -858993460 -858993460 -858993460 -858993460 -858993460 -858993460 -858993460 -858993460 -858993460 -858993460 -858993460 -858993460 -858993460 -858993460 -858993460 -858993460 
-858993460 -858993460 -858993460 -858993460 -858993460 -858993460 -858993460 -858993460 -858993460 -858993460 -858993460 -858993460 -858993460 -858993460 -858993460 -858993460 -858993460 -858993460 -858993460 -858993460 -858993460 -858993460 -858993460 -858993460 -858993460 -858993460 -858993460 -858993460 -858993460 -858993460 -858993460 -858993460 -858993460 -858993460 
-858993460 -858993460 -858993460 -858993460 -858993460 -858993460 -858993460 -858993460 -858993460 -858993460 -858993460 -858993460 -858993460 -858993460 -858993460 -858993460 -858993460 -858993460 -858993460 -858993460 -858993460 -858993460 -858993460 -858993460 -858993460 -858993460 -858993460 -858993460 -858993460 -858993460 -858993460 -858993460 -858993460 -858993460 
-858993460 -858993460 -858993460 -858993460 -858993460 -858993460 -858993460 -858993460 -858993460 -858993460 -858993460 -858993460 -858993460 -858993460 -858993460 -858993460 -858993460 -858993460 -858993460 -858993460 -858993460 -858993460 -858993460 -858993460 -858993460 -858993460 -858993460 -858993460 -858993460 -858993460 -858993460 -858993460 -858993460 -858993460 
-858993460 -858993460 -858993460 -858993460 -858993460 -858993460 -858993460 -858993460 -858993460 -858993460 -858993460 -858993460 -858993460 -858993460 -858993460 -858993460 -858993460 -858993460 -858993460 -858993460 -858993460 -858993460 -858993460 -858993460 -858993460 -858993460 -858993460 -858993460 -858993460 -858993460 -858993460 -858993460 -858993460 -858993460 
-858993460 -858993460 -858993460 -858993460 -858993460 -858993460 -858993460 -858993460 -858993460 -858993460 -858993460 -858993460 -858993460 -858993460 -858993460 -858993460 -858993460 -858993460 -858993460 -858993460 -858993460 -858993460 -858993460 -858993460 -858993460 -858993460 -858993460 -858993460 -858993460 -858993460 -858993460 -858993460 -858993460 -858993460 
-858993460 -858993460 -858993460 -858993460 -858993460 -858993460 -858993460 -858993460 -858993460 -858993460 -858993460 -858993460 -858993460 -858993460 -858993460 -858993460 -858993460 -858993460 -858993460 -858993460 -858993460 -858993460 -858993460 -858993460 -858993460 -858993460 -858993460 -858993460 -858993460 -858993460 -858993460 -858993460 -858993460 -858993460 
-858993460 -858993460 -858993460 -858993460 -858993460 -858993460 -858993460 -858993460 -858993460 -858993460 -858993460 -858993460 -858993460 -858993460 -858993460 -858993460 -858993460 -858993460 -858993460 -858993460 -858993460 -858993460 -858993460 -858993460 -858993460 -858993460 -858993460 -858993460 -858993460 -858993460 -858993460 -858993460 -858993460 -858993460 
-858993460 -858993460 -858993460 -858993460 -858993460 -858993460 -858993460 -858993460 -858993460 -858993460 -858993460 -858993460 -858993460 -858993460 -858993460 -858993460 -858993460 -858993460 -858993460 -858993460 -858993460 -858993460 -858993460 -858993460 -858993460 -858993460 -858993460 -858993460 -858993460 -858993460 -858993460 -858993460 -858993460 -858993460 
-858993460 -858993460 -858993460 -858993460 -858993460 -858993460 -858993460 -858993460 -858993460 -858993460 -858993460 -858993460 -858993460 -858993460 -858993460 -858993460 -858993460 -858993460 -858993460 -858993460 -858993460 -858993460 -858993460 -858993460 -858993460 -858993460 -858993460 -858993460 -858993460 -858993460 -858993460 -858993460 -858993460 -858993460 
-858993460 -858993460 -858993460 -858993460 -858993460 -858993460 -858993460 -858993460 -858993460 -858993460 -858993460 -858993460 -858993460 -858993460 -858993460 -858993460 -858993460 -858993460 -858993460 -858993460 -858993460 -858993460 -858993460 -858993460 -858993460 -858993460 -858993460 -858993460 -858993460 -858993460 -858993460 -858993460 -858993460 -858993460 
-858993460 -858993460 -858993460 -858993460 -858993460 -858993460 -858993460 -858993460 -858993460 -858993460 -858993460 -858993460 -858993460 -858993460 -858993460 -858993460 -858993460 -858993460 -858993460 -858993460 -858993460 -858993460 -858993460 -858993460 -858993460 -858993460 -858993460 -858993460 -858993460 -858993460 -858993460 -858993460 -858993460 -858993460 
-858993460 -858993460 -858993460 -858993460 -858993460 -858993460 -858993460 -858993460 -858993460 -858993460 -858993460 -858993460 -858993460 -858993460 -858993460 -858993460 -858993460 -858993460 -858993460 -858993460 -858993460 -858993460 -858993460 -858993460 -858993460 -858993460 -858993460 -858993460 -858993460 -858993460 -858993460 -858993460 -858993460 -858993460 
-858993460 -858993460 -858993460 -858993460 -858993460 -858993460 -858993460 -8589934