0 0 0 12 0 0 0 11 0 0 9 0 0 0 
0 11 0 0 9 0 0 0 0 0 10 0 0 0 
0 11 0 10 0 0 10 0 9 0 12 0 0 12 
0 0 0 0 0 0 6 0 10 0 13 0 0 8 
0 0 0 0 0 8 11 11 0 0 10 0 0 0 
0 0 8 0 0 0 0 8 0 0 9 0 9 0 
0 0 0 0 0 0 0 0 0 0 0 9 0 10 
11 0 8 0 0 0 12 0 6 0 14 0 11 0 
0 0 0 9 0 0 0 0 0 0 0 0 0 7 
0 0 0 8 8 12 0 0 0 0 0 0 9 0 
12 14 9 10 0 16 13 0 0 0 0 9 10 0 
0 0 0 0 0 0 0 8 14 0 0 0 9 0 
0 13 0 0 0 0 0 16 9 0 0 0 8 16 
12 0 10 8 0 0 8 14 7 0 0 0 0 0 
13 0 0 0 11 11 0 14 0 0 13 0 0 0 
0 0 0 0 0 0 11 0 0 0 0 0 0 0 
0 0 0 0 0 0 5 0 13 0 0 0 0 0 
0 11 9 0 0 11 0 11 11 0 0 0 0 9 
0 0 7 0 0 11 8 0 0 0 8 12 0 0 
0 0 9 0 0 11 11 0 0 6 0 0 0 0 
0 0 7 10 8 0 0 0 10 6 0 7 13 11 
0 0 0 13 0 12 0 0 6 9 0 0 7 9 
0 0 0 0 11 0 0 0 0 8 0 0 0 0 
9 0 9 8 0 10 0 0 0 0 13 11 0 0 
0 0 0 0 10 0 10 0 0 0 12 0 0 0 
14 0 0 0 0 0 0 7 0 0 0 11 0 11 
0 0 0 11 7 15 12 12 0 11 0 0 0 13 
10 11 10 0 7 0 8 0 10 12 0 0 0 0 
0 0 10 0 0 0 0 8 13 0 10 0 7 0 
0 0 0 0 0 0 0 0 0 12 12 0 0 10 
