0 0 0 0 0 0 0 0 0 0 0 0 11 12 7 0 0 0 0 9 0 0 0 0 12 11 0 6 0 14 0 10 0 10 0 0 10 0 0 0 10 14 0 10 10 13 0 0 0 7 0 0 0 0 0 11 0 0 0 0 0 0 7 8 11 6 0 0 11 0 0 0 
0 0 10 0 0 0 0 0 0 11 9 8 9 10 0 0 0 0 0 0 0 9 0 11 10 0 7 0 0 0 8 0 7 0 13 0 9 0 0 0 10 0 8 0 0 9 0 0 9 0 0 0 7 11 0 0 0 0 0 0 0 0 11 0 10 8 0 0 0 0 13 9 
0 0 0 11 0 11 0 0 14 0 13 0 12 0 0 11 0 9 8 7 0 0 0 0 0 11 11 0 0 0 9 11 0 0 9 0 12 0 0 0 12 0 0 10 0 9 11 0 12 4 10 0 0 0 0 13 0 0 0 11 0 0 0 0 0 0 0 12 10 11 0 0 
0 11 8 11 8 0 9 0 0 8 0 0 0 0 0 0 12 12 0 0 0 6 13 11 9 0 0 0 0 0 0 0 0 0 0 0 0 0 0 0 0 0 0 0 0 0 0 0 0 0 0 8 0 0 0 0 6 0 0 0 8 0 8 9 0 8 10 0 10 0 13 0 
0 10 0 0 0 0 0 0 15 0 0 0 5 14 0 8 0 0 0 12 0 0 0 10 0 0 0 0 0 7 0 0 11 6 0 0 0 0 11 0 12 0 12 11 11 13 0 0 0 0 0 10 0 15 0 8 7 0 9 0 0 0 9 0 0 0 0 9 0 0 0 8 
12 0 0 0 0 0 12 0 0 0 8 0 10 0 13 0 0 0 0 0 0 0 0 0 0 0 0 0 13 0 0 12 0 0 4 0 0 11 0 11 10 9 0 0 9 0 0 0 0 6 0 0 0 0 0 0 0 0 0 10 0 0 0 0 0 0 11 7 0 0 0 0 
8 11 0 0 0 11 0 9 0 5 0 0 8 9 0 0 8 0 15 0 0 0 13 14 0 0 0 0 0 0 0 10 13 12 0 0 11 12 0 12 0 11 0 0 0 12 0 0 0 12 0 0 0 10 0 0 0 0 0 0 8 13 0 0 0 0 9 0 0 10 12 0 
12 0 0 0 0 0 0 11 0 0 0 0 11 0 0 11 0 13 11 0 0 0 0 0 0 0 0 8 11 0 0 0 0 0 8 14 0 12 9 0 11 0 0 0 0 13 0 0 0 0 0 0 0 0 0 0 6 0 0 9 0 0 12 0 10 0 0 0 8 16 0 0 
14 0 10 0 0 10 0 0 11 0 0 0 0 0 11 6 0 0 9 0 0 0 11 0 0 0 0 0 0 0 0 7 0 6 8 10 8 0 0 0 0 0 0 0 0 0 11 0 0 0 0 0 0 9 0 0 9 0 0 0 12 6 0 5 0 4 10 0 0 0 0 0 
0 0 0 0 0 11 0 0 13 9 9 10 0 0 0 8 6 8 0 0 0 11 0 11 0 9 7 0 0 0 0 0 0 0 8 11 0 0 0 0 12 0 0 9 0 11 0 0 0 0 10 0 10 11 0 7 0 0 0 14 0 0 14 0 0 0 10 9 0 0 9 0 
0 0 11 8 0 0 0 0 0 0 0 0 0 0 0 11 0 10 0 0 12 10 0 0 8 0 0 0 8 9 0 0 0 0 0 12 6 0 0 0 0 0 0 0 9 0 0 0 0 0 0 0 0 0 7 12 7 0 8 0 7 0 0 0 10 0 8 0 0 0 0 11 
0 11 0 0 0 0 0 0 0 0 0 8 0 0 0 0 0 0 0 8 0 9 9 0 0 0 0 0 0 0 0 12 0 0 0 0 0 0 0 10 0 15 0 0 0 0 12 0 0 0 0 0 0 0 11 0 0 7 9 0 8 11 0 0 13 0 0 0 0 8 12 7 
0 0 0 0 0 12 0 0 0 0 0 0 0 11 0 0 0 0 13 0 0 0 0 0 0 0 8 9 0 0 9 0 0 0 0 0 7 8 9 0 0 0 0 11 0 0 9 0 0 11 12 0 0 0 0 0 0 0 0 0 9 0 11 9 10 0 0 0 0 0 0 0 
0 12 0 8 0 0 9 0 10 9 0 12 0 0 0 0 0 0 0 7 0 0 0 0 0 0 0 0 0 0 0 0 0 10 0 8 0 0 11 0 13 12 0 11 11 0 11 0 9 10 0 0 12 9 0 9 0 0 10 0 8 0 0 0 0 11 10 0 12 7 0 0 
7 11 10 9 7 0 7 12 0 0 0 0 0 0 8 12 0 0 0 0 11 11 0 0 9 0 10 0 0 0 0 0 0 0 0 0 0 0 0 7 0 0 0 0 0 0 0 10 6 0 0 0 0 0 0 0 11 12 0 0 6 0 0 0 12 0 0 13 0 0 11 0 
6 10 0 11 0 0 0 0 0 0 0 0 9 12 0 0 7 11 11 0 8 0 0 11 0 0 0 0 0 0 0 11 11 0 0 0 0 0 0 9 12 0 0 0 0 0 8 0 0 11 0 0 5 0 0 0 0 0 0 9 0 0 12 0 10 0 0 0 8 0 7 0 
0 0 0 8 12 7 11 0 0 14 11 0 0 0 0 0 0 10 15 0 12 8 0 0 9 0 0 8 0 0 0 10 12 11 8 0 0 0 0 12 0 0 0 0 0 10 0 0 0 9 8 0 0 0 0 0 0 0 8 11 0 0 0 0 0 0 0 10 0 11 0 9 
0 0 11 12 0 0 10 15 0 12 0 0 0 0 11 0 0 0 0 0 0 10 0 0 0 0 0 0 0 7 10 0 0 10 0 0 0 0 6 0 0 0 0 0 8 0 0 10 0 10 0 0 0 0 0 0 9 0 0 10 8 12 13 0 0 9 0 9 0 0 9 0 
10 12 6 0 10 12 0 12 0 0 0 0 0 10 9 0 9 0 11 0 0 0 0 13 0 0 0 0 8 12 10 11 8 0 0 0 0 11 10 0 0 9 10 12 0 0 0 0 0 15 0 8 0 0 0 6 9 0 0 10 0 7 8 9 0 0 0 0 0 0 0 0 
0 0 0 0 11 0 7 0 0 9 0 0 7 0 14 0 0 0 6 10 0 0 9 0 12 0 0 11 12 0 0 0 0 7 0 0 0 0 10 0 0 0 0 0 0 0 0 7 0 0 0 10 0 0 0 10 0 0 0 0 8 0 11 0 0 0 0 0 0 9 0 0 
0 9 0 13 0 9 0 7 0 0 0 0 0 0 0 0 0 11 9 0 0 0 0 0 0 12 8 0 0 0 0 0 0 0 12 0 0 0 0 12 0 0 0 0 0 0 0 0 0 0 0 10 0 11 0 0 0 15 0 0 10 0 0 0 0 0 8 0 0 6 11 0 
0 0 8 10 0 9 0 11 0 0 0 0 13 0 10 0 8 0 10 0 0 11 6 6 10 7 12 0 11 0 0 11 16 0 12 8 10 11 10 10 0 0 0 0 0 9 0 0 0 0 0 0 0 11 0 0 11 10 13 14 0 5 0 0 0 0 0 0 0 0 9 0 
0 10 0 0 6 0 0 12 0 0 0 13 10 0 0 0 0 13 0 0 0 0 12 5 10 0 0 14 0 16 0 11 0 0 0 13 0 0 0 0 0 9 9 0 0 7 0 0 0 0 13 11 6 0 10 0 0 10 0 13 0 0 0 0 0 0 0 0 0 8 0 0 
0 0 0 7 15 0 11 10 11 0 0 12 11 0 9 0 0 14 0 0 0 8 12 0 10 13 11 0 0 0 0 0 0 9 12 10 0 10 0 0 0 0 8 0 0 0 0 0 0 0 0 0 10 10 0 0 0 0 0 8 0 0 0 0 9 0 0 0 0 0 15 0 
12 0 0 0 10 0 0 0 0 9 0 0 8 0 0 0 0 0 12 0 10 0 0 0 0 11 0 0 0 0 7 0 0 0 0 6 0 0 0 10 6 0 0 8 0 8 12 0 0 0 7 0 16 0 0 0 0 7 0 9 11 0 0 0 4 0 8 0 0 0 13 0 
11 0 0 0 0 9 0 0 0 0 0 0 7 0 0 0 8 0 0 0 0 0 12 12 0 0 0 0 10 0 0 0 0 0 11 0 0 11 0 0 6 0 7 9 0 0 0 0 0 0 0 0 0 6 10 11 0 0 0 0 0 0 7 0 7 0 0 10 7 0 0 7 
0 0 0 11 0 0 0 0 0 8 0 11 10 0 0 0 10 0 0 0 0 0 0 0 0 0 0 0 10 0 0 9 0 0 7 0 0 0 0 0 10 0 0 0 0 0 10 0 4 0 10 0 0 10 0 0 0 11 0 0 0 0 0 0 0 0 0 0 13 8 0 7 
0 13 0 0 0 0 0 0 10 10 0 8 0 0 10 0 0 0 0 0 0 13 0 7 8 0 0 0 11 0 0 0 0 11 5 11 0 0 0 0 0 0 9 0 8 0 0 0 0 0 13 0 0 8 0 0 0 9 7 0 0 7 0 0 12 0 0 0 14 12 0 0 
0 7 0 0 0 8 0 0 0 0 0 0 0 12 0 0 0 12 0 11 0 0 0 0 0 10 0 11 0 0 0 7 0 0 9 11 0 0 0 0 0 9 12 10 0 0 0 0 16 7 9 0 0 0 5 0 9 0 0 0 0 0 8 0 0 10 0 0 0 0 9 9 
14 0 0 0 0 0 0 0 0 8 0 0 12 0 0 0 0 0 0 0 8 9 0 0 0 10 0 4 14 0 0 0 0 0 0 9 0 0 7 8 12 0 12 0 0 11 14 0 0 12 0 0 0 0 0 0 0 12 7 9 0 0 0 0 0 0 11 9 0 10 0 11 
8 0 0 0 0 0 0 0 12 8 0 0 0 8 0 0 10 0 0 0 0 0 0 0 11 11 13 11 0 0 0 0 0 13 0 0 11 7 0 10 0 0 14 0 0 0 0 0 0 12 0 0 0 0 0 0 10 10 10 0 0 0 0 0 0 0 10 0 9 0 0 0 
4 0 0 0 0 9 0 0 0 0 10 0 10 0 0 0 0 9 7 0 0 0 12 0 0 0 0 0 10 0 13 0 0 8 10 0 10 0 0 0 0 0 0 0 16 0 0 0 10 12 10 8 0 10 0 0 13 0 0 11 0 0 8 0 8 0 0 0 0 0 0 8 
0 0 0 11 0 0 0 0 0 8 10 10 0 0 0 10 0 11 0 11 0 0 0 0 11 0 0 0 0 0 13 10 9 0 0 0 0 7 8 0 0 12 0 0 10 0 0 0 12 11 0 13 0 0 0 0 0 0 0 0 0 0 0 0 0 0 0 0 0 0 0 0 
0 0 0 0 0 0 0 0 12 0 6 0 0 0 0 0 0 11 0 0 10 0 0 0 0 7 0 0 0 0 0 13 0 0 13 0 0 0 0 0 0 10 0 6 8 0 0 0 0 0 0 8 8 0 0 9 0 0 0 8 11 0 0 0 0 0 0 0 0 0 0 10 
12 0 0 0 9 11 0 10 11 0 0 0 0 9 0 9 0 0 0 0 8 0 0 0 0 0 0 10 0 0 0 0 14 0 9 0 12 0 9 0 0 10 0 0 0 0 10 11 9 9 0 0 12 10 0 0 0 8 0 0 0 0 0 8 7 9 0 0 0 0 0 0 
5 0 0 0 0 0 8 14 0 0 13 9 0 0 14 0 0 0 9 10 0 8 12 0 12 0 0 0 0 0 0 11 12 10 5 0 13 0 0 0 13 0 0 0 0 0 9 0 0 0 0 12 0 0 0 0 0 11 0 0 0 0 0 8 0 0 15 0 0 0 0 0 
0 0 0 0 0 0 0 0 8 0 0 10 0 0 0 0 0 11 10 0 0 0 0 0 13 0 0 0 11 0 0 0 0 0 7 0 10 10 13 0 0 10 14 0 0 0 0 9 11 0 10 0 0 0 10 0 0 12 0 0 0 0 11 10 0 15 0 14 0 11 0 0 
0 0 0 12 0 0 0 0 8 9 0 0 0 0 0 0 0 11 10 9 0 12 10 0 9 8 0 13 0 0 14 12 0 0 0 10 0 0 0 9 12 0 0 0 11 9 9 0 0 0 8 0 0 0 13 9 0 0 9 0 0 0 0 0 11 0 0 0 9 10 0 0 
0 12 0 11 11 0 0 10 11 0 0 0 0 0 7 11 0 0 0 0 8 0 0 0 0 0 0 0 6 9 9 9 0 8 0 0 0 0 0 0 0 0 0 0 0 0 12 0 0 0 0 10 0 0 0 13 11 0 0 0 7 0 0 0 0 0 0 0 0 0 0 0 
10 0 11 0 0 12 10 12 0 0 0 9 13 0 0 12 10 0 0 12 0 0 0 0 0 0 0 7 0 0 11 12 0 0 0 9 0 0 7 9 0 0 0 12 0 10 0 9 10 0 0 8 0 0 11 0 0 0 0 9 0 0 0 0 0 0 6 0 0 10 0 0 
16 0 0 10 11 9 8 0 0 9 0 0 0 13 8 0 0 11 0 9 10 0 0 8 0 0 0 0 0 9 0 10 0 11 8 0 7 0 0 0 0 0 0 0 0 0 0 0 11 7 0 0 0 8 0 0 8 12 0 0 0 0 0 0 0 0 0 0 5 8 0 0 
0 0 7 10 0 0 0 0 0 9 0 0 0 0 11 0 14 0 0 0 0 0 0 0 10 0 0 9 0 0 0 0 0 0 0 0 9 0 0 9 0 0 7 10 0 0 0 11 0 16 0 11 0 0 0 0 12 0 8 12 0 0 0 0 0 0 0 0 0 0 0 14 
0 10 0 0 0 12 0 13 9 0 0 0 14 6 0 0 11 0 0 11 0 0 0 0 0 11 0 0 0 0 7 0 0 0 0 0 8 9 0 0 13 0 11 0 10 8 0 0 10 0 0 0 0 0 0 13 0 0 0 0 0 0 10 6 7 0 9 0 0 0 8 0 
0 0 0 8 0 0 10 0 11 0 0 0 0 0 7 0 0 0 8 12 0 0 0 0 0 7 0 14 7 0 0 0 0 0 11 11 12 0 0 0 0 11 0 0 0 0 0 0 0 0 0 11 0 8 0 11 0 8 0 9 10 11 0 0 0 0 0 0 0 10 0 0 
0 0 0 11 0 11 0 0 0 0 0 0 0 0 0 8 5 8 11 0 9 0 13 9 8 12 14 0 0 8 0 12 0 0 0 0 9 9 13 0 9 0 0 0 0 0 0 11 0 0 0 0 0 0 0 0 0 0 0 0 0 0 11 6 0 0 0 6 0 0 0 0 
11 0 0 0 12 9 0 7 9 0 8 10 0 9 0 0 0 0 0 0 0 0 13 9 0 0 0 0 0 7 0 0 10 0 0 0 0 0 0 0 7 9 0 0 0 0 0 11 0 8 0 0 7 8 0 10 0 0 0 0 12 0 0 0 0 0 0 0 0 0 0 10 
11 12 0 0 0 0 0 12 0 13 0 14 0 0 0 0 8 12 0 11 7 0 9 9 0 0 9 11 0 7 0 11 10 9 10 0 0 0 0 0 10 0 0 0 0 13 9 0 0 0 0 0 0 7 12 0 0 11 8 9 11 0 0 0 11 0 0 10 0 0 0 0 
0 8 10 0 0 9 14 0 0 6 0 0 10 0 0 0 0 0 9 0 0 9 0 0 10 9 8 0 0 8 0 10 10 14 10 0 11 0 0 0 0 0 0 0 8 9 0 11 0 0 12 0 0 0 0 9 0 0 10 8 10 0 6 11 0 0 0 0 13 0 10 0 
0 13 0 13 0 0 0 0 0 9 0 0 12 0 0 0 10 10 0 0 0 0 10 0 11 0 0 10 0 0 0 5 9 0 0 13 0 12 0 0 0 10 0 8 0 8 0 8 0 11 0 0 0 7 0 0 7 0 0 10 10 0 0 12 16 10 0 0 0 9 0 0 
0 5 13 0 0 0 12 9 8 13 0 11 0 0 0 12 0 10 0 0 0 0 10 11 9 0 0 9 0 11 12 8 7 0 0 14 0 0 0 0 0 0 0 10 8 0 0 0 0 10 0 0 0 0 9 0 8 0 13 12 0 10 0 0 0 0 0 11 0 6 0 0 
0 0 7 8 8 0 0 0 9 9 10 0 0 0 0 0 8 0 13 0 0 7 8 12 0 0 0 0 0 0 11 0 0 12 0 0 7 0 0 10 0 0 14 11 0 0 6 0 9 0 0 0 0 0 13 0 0 8 7 0 0 8 0 15 0 0 0 7 0 0 0 0 
0 0 0 0 0 0 11 0 0 0 0 0 0 0 11 0 0 0 10 0 0 0 10 0 0 0 0 0 7 0 0 0 0 0 0 0 9 11 9 0 0 0 0 7 10 7 0 14 0 0 0 8 0 0 0 0 0 9 0 0 0 0 0 0 10 0 0 0 0 0 0 0 
0 0 10 0 7 0 0 0 0 0 0 0 0 0 0 0 14 7 0 0 14 0 0 0 12 0 0 12 0 0 0 9 0 0 0 0 0 0 10 0 5 0 0 0 7 0 0 0 0 0 0 0 11 0 0 12 0 0 0 0 0 0 11 5 0 0 0 10 0 0 6 0 
0 0 0 0 0 0 0 8 0 12 0 0 0 0 0 11 0 0 8 0 0 11 0 9 0 10 9 9 0 0 0 0 7 0 0 0 11 7 0 9 0 0 12 0 6 0 0 0 13 0 0 0 15 0 12 0 0 0 0 0 0 0 0 11 0 0 11 10 9 0 0 0 
0 0 0 0 0 0 0 13 0 0 12 12 12 13 0 7 0 0 0 10 0 0 0 10 0 15 0 0 0 0 0 0 9 6 0 12 0 0 0 0 13 0 0 0 0 0 14 0 0 0 0 7 0 9 0 0 0 0 11 0 0 0 13 10 6 0 0 0 0 0 0 9 
5 0 0 0 10 0 0 0 0 0 0 0 0 0 0 8 0 0 0 0 0 0 0 10 11 0 8 9 0 9 8 0 0 0 0 6 0 13 0 0 0 10 0 0 0 0 0 0 0 0 10 0 0 0 0 0 0 0 0 14 0 0 6 0 0 12 0 0 0 0 13 0 
11 12 0 0 0 8 0 0 0 8 9 12 0 0 0 0 6 10 0 0 0 0 0 13 0 0 0 0 0 0 10 12 10 0 0 0 0 0 0 0 6 9 0 0 0 0 0 9 0 0 0 14 7 7 12 0 0 9 0 9 0 12 11 0 0 0 12 13 0 0 10 0 
9 13 0 0 0 12 0 11 8 0 8 0 0 0 0 0 13 0 0 0 0 0 10 0 0 0 0 0 0 0 10 14 0 0 0 0 0 0 7 0 15 0 0 0 0 0 10 8 11 0 0 13 7 0 0 0 0 0 0 0 0 0 0 0 10 0 0 0 0 9 0 11 
0 0 0 9 8 0 11 0 0 0 0 0 0 0 11 9 8 0 0 0 11 0 9 0 0 0 13 9 0 0 0 11 10 0 9 8 0 0 11 11 0 0 0 9 0 0 9 0 0 0 0 12 8 0 12 11 0 0 0 0 0 11 0 10 0 0 0 12 10 13 0 0 
7 8 0 0 10 0 0 0 0 0 0 10 10 0 0 0 8 0 11 7 0 0 0 13 0 0 11 0 0 0 0 0 0 7 10 11 11 0 0 9 0 0 9 0 10 0 0 0 0 0 0 0 13 9 0 0 0 0 0 0 0 0 0 14 0 0 0 11 11 0 0 0 
0 6 0 0 0 0 0 0 6 0 0 0 9 8 10 12 9 0 0 0 0 0 0 0 10 0 0 11 8 0 0 0 0 0 0 0 0 8 0 0 0 8 0 9 0 0 0 10 0 0 11 0 6 0 0 13 0 0 11 0 0 0 0 0 0 0 8 0 10 13 0 0 
10 10 0 0 7 0 0 0 0 11 9 0 12 0 0 0 0 7 0 0 9 0 0 7 11 12 10 12 0 0 7 7 0 0 0 10 0 0 0 0 0 0 0 0 11 13 0 11 0 0 0 0 0 0 0 13 11 0 10 0 0 0 10 0 15 0 0 10 10 7 0 0 
0 0 0 10 0 0 0 0 0 8 0 0 0 0 0 0 9 0 0 9 0 0 9 0 0 0 0 0 0 11 8 9 0 0 12 0 0 0 8 0 0 0 9 9 0 0 8 9 0 0 0 10 0 0 9 12 0 0 9 0 0 0 0 0 0 13 0 11 0 0 7 0 
12 9 0 0 0 0 0 0 7 0 0 0 12 12 0 0 0 0 0 0 10 12 0 0 0 0 9 0 0 0 0 0 0 0 0 0 11 0 0 0 0 7 15 9 0 10 9 8 11 6 0 0 9 0 9 0 9 13 8 9 14 0 0 0 11 0 0 0 9 0 0 0 
0 5 11 0 11 0 0 0 0 0 0 0 9 0 11 0 0 13 0 7 10 0 11 0 0 0 0 4 0 0 0 10 10 0 0 0 0 9 8 0 11 0 7 9 0 12 12 10 0 9 0 0 0 0 0 0 0 0 0 13 0 0 0 11 8 0 12 0 0 0 0 11 
0 0 0 0 0 0 0 0 11 0 0 0 11 0 11 11 0 11 0 0 11 0 15 0 12 7 0 0 8 8 0 0 0 0 0 0 0 0 8 0 0 0 10 10 0 8 10 0 0 8 0 0 15 0 0 0 0 0 7 0 0 0 12 0 0 12 0 11 0 0 10 9 
0 0 0 0 14 0 0 0 0 10 0 0 0 0 0 9 0 0 0 0 0 0 0 0 0 0 0 0 8 7 12 0 0 7 0 0 0 0 0 0 7 0 8 10 9 0 0 0 0 12 0 0 0 11 0 0 0 15 0 0 0 0 0 11 12 7 0 0 0 0 0 11 
0 12 0 0 7 0 13 0 11 0 13 11 12 0 14 0 0 0 0 0 0 7 9 8 0 0 0 0 0 12 0 14 7 10 0 8 0 0 0 0 8 0 0 0 11 7 0 0 0 0 0 0 0 6 0 0 9 0 0 0 0 8 8 0 0 9 0 9 12 0 12 0 
0 0 0 0 11 0 0 0 0 0 0 0 0 0 0 0 0 0 0 0 6 0 0 0 0 0 0 13 7 0 11 7 0 0 0 0 10 0 0 9 0 0 0 11 0 7 0 0 0 0 0 0 0 0 0 10 13 11 0 0 0 0 0 0 0 0 0 0 13 0 13 0 
0 0 12 0 12 0 13 13 0 0 0 0 8 0 12 0 0 0 0 13 0 0 13 0 14 0 0 0 8 0 0 7 0 0 0 0 0 0 9 10 9 8 9 0 0 0 10 0 10 0 0 0 8 9 0 0 12 0 0 0 0 0 0 0 0 0 0 10 0 11 0 0 
8 9 0 0 11 0 0 9 0 0 14 0 0 0 0 7 0 0 0 14 0 10 8 0 0 7 0 13 0 0 0 0 10 14 0 0 0 0 0 12 0 10 13 0 0 0 0 0 0 0 0 10 0 0 12 12 0 0 9 10 0 0 0 0 0 0 0 0 0 0 0 10 
9 9 0 12 12 0 0 12 0 0 0 0 0 0 0 5 0 0 0 0 0 11 0 0 0 0 0 0 0 0 0 12 0 0 0 0 0 0 0 0 0 0 6 0 6 0 0 0 8 0 8 0 12 10 0 0 12 9 11 0 0 0 0 0 12 0 0 0 7 10 0 0 
0 0 0 0 0 0 0 10 0 0 0 0 0 0 0 0 0 0 0 0 0 0 0 0 0 0 11 0 0 0 0 0 12 0 11 0 6 0 0 6 11 12 0 0 13 0 0 10 0 9 12 10 8 8 0 0 0 7 6 0 6 14 0 14 0 0 0 0 0 0 0 0 
0 0 0 11 10 0 0 0 6 0 0 0 10 0 0 0 0 0 9 10 0 0 0 0 0 9 0 10 9 0 10 0 0 0 0 0 10 0 0 14 9 12 0 0 0 0 0 0 9 0 0 0 0 0 0 9 0 0 7 12 0 0 0 0 0 0 0 11 0 0 0 5 
6 0 7 9 0 0 0 0 7 0 8 0 0 0 0 0 0 0 7 12 0 0 15 10 11 0 0 4 0 11 10 0 14 0 0 0 0 0 0 0 0 0 0 0 0 5 0 0 0 0 0 0 8 0 0 0 0 0 14 0 12 0 6 0 0 9 0 0 0 6 0 5 
0 10 0 0 8 0 0 0 8 13 0 8 7 0 0 0 8 9 0 0 12 0 0 0 10 12 0 11 0 0 9 0 0 0 0 8 0 11 0 10 0 0 0 8 0 0 0 0 0 0 9 0 12 15 10 0 0 14 0 13 0 0 0 10 0 0 0 0 8 0 13 8 
0 10 0 0 0 15 0 0 0 0 0 0 0 7 13 0 8 0 2 0 9 8 0 10 11 0 11 11 0 0 0 0 0 10 13 12 0 0 0 11 0 0 0 0 9 0 0 10 0 0 0 9 9 0 0 0 0 0 0 0 10 0 10 13 0 0 0 8 7 8 0 12 
0 0 7 10 0 0 0 0 11 0 10 0 15 0 7 0 11 13 10 0 0 0 0 0 0 0 10 0 0 6 11 0 0 0 0 0 12 0 0 11 0 0 0 0 0 0 0 0 0 0 0 0 12 0 0 0 0 0 0 0 0 10 0 0 13 12 0 0 8 0 0 12 
0 0 9 0 0 0 0 0 0 0 0 0 0 11 0 0 0 0 14 0 11 10 0 10 0 0 0 0 0 11 0 0 0 9 13 10 0 0 10 7 0 0 0 0 7 12 10 0 10 0 0 12 0 12 0 0 14 0 8 0 0 0 0 0 0 12 0 0 0 14 8 0 
15 0 0 0 0 0 0 11 13 0 0 0 0 0 9 0 0 13 9 0 11 0 0 7 10 0 0 0 0 9 0 0 8 10 0 0 9 12 0 0 11 0 0 0 7 0 0 0 0 0 0 0 0 11 10 0 0 0 0 0 0 0 0 11 0 0 0 10 0 0 10 0 
0 0 0 11 13 0 0 10 0 0 10 0 0 0 9 0 0 10 0 13 0 9 0 0 0 0 0 0 0 0 0 0 11 0 0 0 0 0 0 0 0 0 8 9 0 0 0 0 0 12 9 0 12 0 0 0 10 9 14 0 0 0 7 0 0 0 0 10 10 0 12 7 
0 11 9 0 0 0 0 0 14 0 0 0 0 12 7 8 0 0 0 0 9 11 0 10 0 9 13 0 8 0 0 0 0 0 0 9 0 6 0 0 0 13 0 0 0 0 15 0 10 12 0 0 0 0 0 0 0 0 0 0 0 0 13 0 0 0 9 0 0 0 0 0 
13 0 0 0 0 8 13 10 0 0 0 0 8 0 14 0 0 0 10 10 10 11 0 12 8 0 0 0 7 0 13 11 0 0 10 8 9 0 0 0 0 10 0 0 14 12 0 8 0 0 0 0 0 0 0 0 0 13 0 0 7 10 0 0 0 5 0 0 0 9 0 0 
0 0 0 0 0 12 10 10 0 0 0 0 0 6 0 0 7 7 14 0 0 0 0 9 0 0 0 0 12 0 0 6 0 0 10 0 0 9 12 10 11 0 7 0 7 10 0 14 0 0 10 0 0 0 0 0 0 0 0 0 0 0 0 11 0 9 9 7 9 0 0 10 
9 11 0 0 13 9 0 11 0 8 9 0 0 0 0 0 0 0 0 13 13 0 0 0 0 10 11 0 14 4 0 12 0 10 0 0 0 0 11 0 0 0 0 7 0 0 0 0 0 0 0 9 0 0 0 0 0 0 0 8 0 12 13 0 13 0 8 0 11 0 0 0 
12 0 0 9 12 0 0 0 0 0 0 0 0 0 0 14 9 0 0 0 0 0 0 14 0 10 0 0 0 0 14 0 0 0 0 0 0 0 8 0 0 0 0 14 0 0 11 0 10 0 0 0 0 0 0 8 0 6 0 0 12 0 11 0 0 0 0 0 0 7 11 0 
0 6 0 0 0 0 0 0 7 0 10 7 0 11 0 0 0 0 0 0 0 0 0 0 0 0 0 0 0 10 0 11 0 13 0 0 0 11 11 0 6 0 0 13 0 0 0 14 8 11 0 0 0 0 0 0 0 0 0 10 9 0 9 9 0 0 0 12 0 0 9 0 
0 10 0 0 0 0 0 6 0 0 8 0 0 0 0 10 0 0 0 0 0 14 0 10 9 8 8 0 0 0 0 0 0 0 0 0 0 0 0 0 9 0 0 0 0 0 0 0 0 0 5 0 9 0 0 0 0 0 0 0 10 0 0 0 0 0 0 0 0 0 0 11 
11 0 0 11 9 0 0 6 0 0 0 0 8 0 0 0 0 0 0 0 13 0 11 0 10 0 11 0 0 0 0 12 0 0 0 0 9 0 8 0 12 9 0 0 10 0 0 0 6 0 9 0 0 0 0 10 0 10 0 0 0 0 9 0 11 0 0 13 9 0 0 0 
0 0 13 0 10 11 0 0 0 6 9 10 0 0 0 0 0 11 0 0 0 0 0 0 0 0 8 11 0 0 0 0 10 0 7 13 10 0 0 0 10 0 0 0 0 0 0 0 0 0 0 0 0 0 9 0 0 0 0 0 0 7 0 0 9 0 0 0 0 0 0 0 
0 0 0 0 12 0 0 0 0 10 0 0 8 0 0 0 15 11 11 0 0 0 8 13 0 0 0 0 0 11 0 0 0 9 0 0 8 0 12 0 0 0 0 0 9 0 0 5 0 0 0 11 10 0 10 0 12 0 0 9 0 9 0 0 0 0 0 9 9 0 11 0 
0 0 0 12 10 0 0 0 0 10 0 11 0 0 0 11 10 0 5 10 0 0 0 10 0 0 0 0 0 13 0 0 0 0 0 0 11 12 6 13 0 9 0 10 0 8 0 0 0 0 12 0 0 0 0 0 10 0 0 0 0 0 10 0 8 11 8 0 0 11 0 8 
13 8 0 0 0 8 0 0 12 12 0 10 8 4 15 0 0 0 0 0 9 0 0 10 0 0 0 0 0 0 0 0 0 0 13 7 0 0 0 0 6 9 0 0 0 0 0 0 14 10 0 0 0 0 10 0 0 8 11 0 0 0 0 0 0 11 11 0 11 0 0 0 
0 0 0 0 0 0 0 0 8 9 0 5 0 0 0 0 0 0 0 0 0 0 0 8 0 0 11 0 0 7 12 11 0 0 0 0 0 11 0 0 0 9 0 0 0 0 0 0 0 8 0 0 8 0 0 0 0 0 0 13 9 0 0 0 0 11 0 0 11 0 8 10 
0 10 10 0 12 0 0 0 0 0 7 13 13 0 0 0 0 0 0 12 0 0 6 12 8 0 0 0 0 0 9 0 0 0 10 0 0 0 12 10 0 0 9 0 7 0 0 10 0 0 0 8 12 0 10 0 8 0 7 0 0 0 10 0 0 0 0 0 0 0 7 0 
6 0 0 0 12 12 11 0 0 13 10 12 0 11 0 0 0 7 0 0 0 0 0 0 0 0 0 0 0 9 0 0 0 0 11 0 0 10 0 10 0 0 7 0 9 0 0 0 0 0 0 0 0 0 0 0 0 0 8 0 11 0 0 11 0 0 0 0 0 0 0 0 
0 0 12 0 0 0 0 8 0 9 0 0 0 0 0 0 12 9 10 0 0 11 0 0 0 0 0 0 0 11 9 0 11 0 0 7 0 0 11 0 11 0 0 13 0 0 7 0 0 0 0 0 0 0 10 0 0 0 0 0 0 0 9 13 0 0 0 7 0 0 0 0 
0 0 0 0 0 0 0 0 0 0 13 0 0 5 8 10 7 0 13 0 0 15 0 0 0 0 0 10 9 0 0 10 0 0 0 0 10 13 9 0 0 0 0 12 9 0 0 0 0 9 0 9 0 0 0 0 0 8 0 0 0 8 0 0 0 0 0 0 7 0 0 7 
0 12 0 0 11 11 0 0 0 0 0 0 0 11 0 0 0 0 0 8 10 0 9 0 0 9 6 12 8 0 0 11 0 8 8 0 0 0 6 0 11 0 0 0 12 0 8 0 12 0 11 0 0 0 0 0 9 0 0 0 0 11 8 0 8 15 0 0 14 0 0 12 
9 9 8 0 12 0 9 0 0 13 0 8 0 0 12 0 0 0 7 0 0 0 0 0 6 8 0 10 0 0 0 0 0 0 0 0 0 0 0 0 8 10 0 0 8 0 0 0 9 14 0 0 10 0 14 9 8 0 0 0 8 0 7 0 0 0 0 0 13 10 0 4 
0 0 0 13 0 0 0 11 12 0 0 0 0 0 10 0 9 9 7 0 0 0 14 10 9 6 11 0 0 0 7 9 11 0 0 0 0 12 14 0 0 10 9 12 11 0 6 0 11 0 0 9 0 10 10 0 0 0 0 0 13 0 0 0 0 11 12 13 0 0 0 0 
0 0 6 0 0 0 0 0 12 9 8 12 0 0 0 9 0 0 0 0 0 0 10 7 0 0 10 0 0 0 11 0 0 0 12 11 0 0 8 0 5 0 0 0 8 9 0 0 0 0 0 0 0 0 0 7 0 0 0 0 12 0 0 0 0 10 0 0 0 10 9 0 
0 0 0 0 11 0 10 0 8 0 11 0 0 12 0 9 9 0 0 11 0 10 0 10 0 0 0 0 11 0 0 9 15 0 0 0 0 0 0 14 0 0 8 12 0 0 0 10 9 0 12 0 0 8 0 0 0 0 0 11 0 9 0 0 0 0 0 7 8 0 0 0 
0 11 7 0 0 0 0 10 0 12 0 0 10 7 12 13 0 10 0 0 0 7 0 0 0 11 9 0 0 0 0 9 0 0 9 0 0 0 0 0 0 0 0 17 0 9 6 10 0 0 0 0 0 0 11 0 10 9 0 8 6 0 0 0 8 12 0 0 11 0 9 9 
7 10 0 0 0 0 10 0 7 0 7 0 9 0 0 0 8 0 0 13 0 0 0 12 0 9 5 0 0 0 11 8 0 0 0 0 10 0 0 0 0 0 8 0 0 0 0 11 0 0 10 0 0 10 0 12 0 0 0 0 0 0 0 9 0 0 9 0 13 0 0 6 
9 0 0 11 0 0 10 12 13 0 0 0 0 9 0 9 0 0 0 0 0 8 0 0 0 12 0 0 0 0 0 0 0 0 0 0 11 0 0 0 13 0 0 8 10 0 0 0 12 10 0 13 0 0 0 0 0 0 0 7 0 0 0 0 0 0 11 0 0 0 0 0 
0 0 0 0 0 0 9 9 0 0 0 0 0 9 0 10 7 0 0 12 0 11 0 0 0 0 0 9 0 0 0 0 0 0 0 0 0 0 0 0 0 0 10 6 0 9 0 11 14 0 0 9 0 11 0 0 12 0 0 0 0 0 11 0 0 0 0 0 9 0 0 0 
12 0 0 0 0 0 5 0 0 9 0 0 0 10 0 0 10 0 12 0 0 13 0 0 0 0 0 6 0 7 0 0 0 0 0 0 0 0 0 13 13 6 8 0 5 13 0 0 8 0 0 8 0 0 8 12 0 0 9 0 0 0 0 0 0 0 0 0 0 0 0 0 
0 11 0 0 0 10 0 0 0 0 11 0 0 0 0 0 6 0 0 0 0 12 12 0 10 9 0 9 0 0 0 11 0 0 0 0 0 0 0 0 0 9 0 0 0 0 9 0 11 6 0 0 0 0 0 9 12 0 0 7 13 0 0 0 0 11 0 0 0 12 0 0 
0 0 9 0 10 0 14 0 0 7 0 0 0 0 0 12 6 0 0 11 9 0 0 0 0 13 0 0 10 0 12 6 0 0 0 12 14 13 10 0 0 0 9 11 0 0 0 8 0 0 6 12 0 0 0 0 0 0 0 14 9 0 13 0 9 0 0 0 0 0 8 12 
0 0 0 0 0 0 0 0 0 0 0 0 10 0 0 0 10 0 0 0 0 12 0 0 0 12 0 10 0 0 0 15 7 8 11 10 0 12 12 0 12 0 0 0 12 6 0 12 0 0 0 13 0 0 0 0 0 12 7 0 0 6 0 0 9 0 0 9 0 11 0 0 
0 0 0 0 0 0 12 12 10 11 0 0 0 9 9 0 0 0 0 10 14 0 0 0 0 0 0 0 0 0 0 0 11 0 0 7 0 0 0 0 0 0 0 0 0 0 8 0 0 7 0 0 0 0 0 0 0 0 9 10 0 0 0 0 0 0 8 10 0 0 9 0 
14 0 0 0 0 8 13 0 5 0 0 0 9 6 0 0 0 15 9 7 9 10 10 11 0 10 10 0 13 0 0 8 10 4 0 0 0 0 0 0 0 0 0 0 0 0 0 14 0 0 9 0 8 0 0 7 12 0 0 0 0 0 0 12 0 0 15 13 11 7 0 0 
13 0 0 11 0 0 0 0 0 9 0 0 0 0 0 0 0 11 0 0 0 10 0 0 0 11 0 0 10 0 3 8 0 0 11 0 0 0 0 9 0 0 0 0 0 8 0 0 0 8 0 0 0 0 0 10 9 0 12 0 14 0 10 0 0 0 0 10 0 0 0 0 
0 0 0 0 0 0 0 0 0 0 0 0 9 0 13 7 15 0 0 0 0 0 0 10 11 0 0 12 0 11 6 0 8 0 0 0 12 11 0 7 0 8 0 0 0 0 0 0 11 0 0 0 8 0 0 12 0 9 0 0 0 0 0 7 0 0 0 11 0 0 0 0 
0 0 0 0 0 0 14 10 0 0 0 0 0 0 0 0 0 9 8 0 0 0 0 14 0 0 0 0 10 0 12 0 0 0 10 0 0 0 0 0 0 0 0 0 0 0 0 0 0 0 0 9 0 0 7 0 0 0 9 0 11 11 0 0 0 0 0 0 0 0 0 0 
11 0 8 12 8 0 0 0 0 0 0 11 0 0 14 12 0 0 0 0 0 7 12 0 0 0 0 0 13 0 0 9 0 0 0 10 9 8 15 0 0 13 0 0 0 14 0 0 8 0 0 0 0 6 0 0 0 0 0 9 0 0 8 0 0 0 13 0 0 15 0 0 
12 0 6 0 0 9 0 0 0 11 0 10 0 11 0 8 11 10 6 0 0 11 0 0 0 10 10 0 0 0 0 0 0 0 13 0 0 12 0 0 0 0 0 10 10 0 10 11 16 0 0 7 9 0 0 0 0 0 0 0 0 0 0 0 0 0 0 0 0 10 0 0 
0 0 8 7 0 0 0 0 0 0 9 0 0 0 0 7 0 0 0 0 10 0 8 0 0 0 0 0 0 0 0 0 0 0 6 0 8 0 12 0 13 0 0 0 7 0 0 10 0 0 11 0 9 0 0 12 13 7 0 0 0 0 13 7 0 0 11 13 0 0 0 7 
12 0 0 7 0 0 0 0 0 0 13 0 0 0 0 8 12 0 0 0 0 0 7 0 0 0 8 0 0 0 0 0 0 8 0 0 0 0 0 0 0 0 11 14 0 0 0 0 0 0 0 0 0 0 0 0 8 0 14 0 0 0 0 12 0 11 0 0 8 0 3 12 
11 8 9 0 0 0 0 0 0 8 9 0 9 10 14 0 0 10 12 0 0 13 0 0 0 15 10 0 0 0 0 5 11 0 0 0 0 0 0 0 0 6 0 13 0 8 10 0 0 0 10 0 12 11 0 12 0 0 0 0 0 12 12 0 10 0 0 15 0 0 9 0 
0 0 0 0 0 0 0 0 0 13 12 9 0 0 10 11 0 0 8 0 0 13 0 0 0 9 9 0 0 0 0 0 0 0 0 9 0 0 0 0 0 0 7 0 0 0 12 0 0 0 0 10 0 0 0 0 0 0 8 0 0 8 0 0 0 0 0 8 0 0 0 10 
0 0 0 0 0 0 0 0 0 9 0 0 0 0 0 0 9 0 0 0 0 9 0 0 9 0 11 0 13 0 8 11 10 11 7 12 12 0 7 0 13 9 0 0 0 0 11 5 0 0 0 9 0 0 6 9 0 7 0 0 0 0 0 0 0 15 0 0 10 9 0 0 
13 0 5 7 12 0 0 0 0 0 10 0 0 13 0 0 0 0 0 0 0 0 0 0 0 0 10 0 8 9 10 11 0 0 0 10 9 0 0 0 0 0 7 12 0 0 0 0 0 0 0 0 0 0 0 0 0 0 0 0 0 10 0 8 0 0 0 0 0 0 0 0 
0 0 0 8 0 10 0 0 10 0 9 10 0 10 0 0 0 14 0 0 0 0 0 0 0 0 0 14 0 9 0 9 0 0 12 0 0 0 6 9 0 0 0 0 0 0 0 0 0 14 7 9 11 12 0 9 0 0 0 0 0 12 0 0 8 0 0 0 8 0 0 0 
0 0 8 0 9 0 0 0 0 7 0 0 0 0 0 12 0 11 0 0 0 0 0 10 0 8 0 0 0 0 0 0 0 0 0 12 8 9 8 0 11 9 0 9 12 11 0 0 0 0 0 0 0 12 0 0 0 9 0 0 10 0 11 12 0 0 10 9 0 0 0 0 
0 14 0 0 9 8 0 0 13 0 12 0 0 0 0 0 8 0 0 0 0 0 0 0 0 10 10 6 8 0 0 14 8 0 0 0 0 0 12 12 0 0 12 0 11 5 0 0 10 0 0 0 0 0 0 0 0 0 0 0 0 0 0 9 0 0 0 8 10 0 0 0 
0 0 0 0 0 12 0 0 12 0 0 0 0 0 11 0 8 0 0 10 0 10 0 0 0 9 9 0 12 0 11 0 0 0 0 12 0 0 11 13 0 0 10 0 13 11 11 0 0 0 0 11 10 9 0 0 9 0 0 0 0 0 0 0 0 12 0 0 8 9 12 0 
0 0 0 0 0 0 9 10 0 0 0 11 15 8 0 7 0 13 0 0 0 0 0 15 13 0 0 0 0 0 10 11 0 0 0 0 0 4 0 0 0 11 14 0 8 0 0 0 0 0 0 0 6 0 0 7 11 8 0 0 10 0 13 0 13 0 0 0 10 0 0 0 
12 0 0 0 6 10 0 0 0 0 0 0 0 0 9 0 0 0 13 0 10 7 9 8 0 0 0 12 0 0 0 0 0 0 0 0 0 0 10 10 0 12 0 14 0 0 11 0 0 0 0 0 0 0 0 9 8 10 0 0 0 6 12 0 13 0 0 0 8 10 0 0 
0 0 0 0 0 9 0 0 12 0 0 0 0 0 0 12 0 0 0 0 0 9 11 10 0 0 0 0 0 0 9 0 0 0 7 0 7 0 0 0 7 0 0 0 8 10 0 0 9 0 0 0 0 0 12 11 0 0 13 9 0 7 0 0 0 0 0 0 0 0 0 0 
11 0 0 11 0 11 0 0 0 0 0 0 0 12 8 0 11 12 9 12 0 0 9 0 10 0 0 6 12 9 0 6 0 0 12 9 0 11 0 0 0 0 8 6 0 8 12 6 12 0 0 9 0 0 0 0 0 0 0 0 0 11 0 0 0 0 0 0 0 0 0 5 
14 0 0 0 12 11 0 0 0 8 0 0 0 8 15 0 0 0 8 0 0 0 14 0 0 0 0 0 9 0 12 0 10 0 10 0 0 6 0 0 0 10 0 12 0 0 0 0 0 0 11 0 14 0 0 0 0 0 9 8 12 0 12 0 0 0 0 0 0 0 0 0 
0 0 0 0 0 0 0 0 0 0 8 0 0 0 0 0 0 0 0 8 0 12 0 9 0 13 12 0 0 0 0 0 12 7 9 0 8 0 0 0 14 0 0 9 0 11 0 9 8 0 0 0 0 0 0 0 0 0 10 0 0 0 0 0 0 0 0 0 12 0 0 0 
11 0 0 13 0 0 0 0 0 0 15 0 10 0 0 5 0 8 8 0 9 0 0 0 0 0 10 0 0 9 0 0 0 11 0 0 0 11 9 10 10 0 0 0 0 0 0 0 9 0 0 13 11 0 0 0 0 10 10 0 0 0 0 0 0 11 0 0 0 0 12 8 
0 0 10 0 0 0 12 0 5 0 0 0 0 0 0 0 7 9 0 0 12 0 0 0 11 10 0 10 0 0 0 0 0 0 0 0 0 15 0 0 0 10 0 0 0 0 8 7 0 0 6 0 7 0 0 0 0 11 8 0 0 0 0 0 0 0 0 9 0 11 0 0 
11 0 0 10 7 0 0 0 0 0 0 0 0 0 0 0 0 0 0 0 8 0 0 0 0 0 0 0 0 0 0 10 0 0 0 0 10 0 10 0 13 0 0 0 0 0 8 9 0 0 13 6 0 0 0 11 11 0 0 0 0 0 0 0 0 6 15 0 0 0 12 0 
8 12 9 0 7 0 0 0 0 0 8 8 0 0 0 0 0 0 11 13 0 0 0 9 0 0 0 0 0 0 0 13 0 0 10 9 11 6 0 0 0 0 0 11 14 0 0 0 0 10 0 0 14 0 8 0 0 0 0 13 0 0 11 0 0 12 0 9 0 0 0 0 
7 0 11 0 9 10 0 0 0 0 0 9 11 0 0 0 11 0 0 0 0 0 10 8 0 0 0 11 0 16 0 6 0 0 12 11 0 13 0 0 11 0 0 10 0 12 0 5 0 0 0 0 12 0 8 0 0 0 0 0 12 14 0 0 0 0 0 0 0 0 9 0 
0 0 0 0 0 13 12 0 6 10 10 11 0 11 0 0 0 12 0 0 0 0 11 8 0 0 0 0 0 13 12 0 12 0 10 0 0 10 0 8 0 10 0 0 0 9 0 0 0 11 10 11 12 0 13 0 0 8 9 0 0 0 0 0 10 0 0 8 0 0 12 0 
12 0 0 8 10 0 0 0 0 0 0 0 0 0 8 0 0 13 0 0 0 0 0 0 0 0 0 0 0 10 8 14 0 0 8 0 12 11 7 10 0 0 0 0 0 9 5 0 8 0 6 12 0 0 0 9 13 0 0 0 10 0 0 0 13 0 0 0 0 0 7 0 
13 0 0 0 8 0 0 8 0 0 0 0 9 0 0 11 0 0 0 0 14 0 15 0 0 0 12 0 0 10 0 0 0 9 9 0 0 0 0 0 0 0 0 9 13 8 13 12 0 0 0 0 0 0 0 7 10 0 0 7 0 14 0 0 11 10 0 0 7 0 0 8 
0 0 0 0 0 0 0 6 0 0 0 11 0 12 0 10 11 0 10 0 0 0 0 10 0 10 0 0 0 0 0 0 0 7 0 0 11 0 8 10 0 0 0 13 13 9 0 9 0 8 0 0 0 0 0 0 0 0 0 0 0 0 0 11 0 0 9 7 0 0 8 0 
0 0 11 13 0 0 0 14 11 7 0 0 12 0 0 0 0 0 8 0 8 0 0 0 0 0 10 0 0 0 8 0 0 0 7 14 10 0 0 0 0 0 0 0 0 0 0 13 0 0 5 0 0 11 0 0 8 0 0 0 12 10 0 9 0 0 11 0 12 0 0 0 
6 0 0 11 0 0 0 0 0 9 9 14 9 0 9 0 0 0 0 0 8 0 0 11 0 0 0 0 0 0 0 0 9 13 0 10 0 0 0 0 0 0 14 0 0 0 9 0 0 0 0 0 0 0 0 9 9 0 11 0 10 0 0 0 0 0 0 5 0 0 0 0 
0 0 0 0 0 0 0 0 13 0 0 0 0 11 0 0 0 0 13 0 0 9 12 7 0 0 11 16 0 0 0 0 0 16 10 0 8 0 0 9 0 0 0 0 0 0 0 0 10 11 10 0 0 0 8 0 8 0 0 3 0 0 0 0 0 8 5 0 0 12 14 0 
0 0 0 0 0 10 0 0 0 0 6 0 0 0 9 8 0 0 8 0 8 0 0 0 0 10 9 0 0 0 0 10 5 14 0 0 0 0 0 0 0 0 12 0 6 0 0 0 0 0 0 0 0 0 6 0 0 10 0 0 0 10 0 0 0 0 0 0 0 0 0 0 
0 0 0 7 0 0 10 0 0 0 9 8 0 0 0 8 0 0 9 0 14 13 6 0 9 0 0 0 0 0 0 0 0 0 8 0 0 0 0 0 0 0 0 0 0 0 13 0 0 10 0 9 0 9 0 13 0 0 13 0 9 0 0 7 12 0 7 0 0 11 0 0 
12 0 10 0 10 0 0 0 0 0 0 0 0 0 0 0 0 0 0 0 11 0 13 0 0 0 10 0 0 0 12 0 0 11 7 10 10 0 0 0 0 0 0 0 0 0 12 0 0 0 0 0 13 0 0 10 0 0 9 0 0 6 0 0 12 0 14 0 9 0 0 0 
0 0 0 7 0 0 0 14 0 10 0 0 0 12 0 0 0 0 10 11 0 0 0 0 0 0 0 9 0 0 0 0 0 0 0 12 0 0 0 0 0 0 0 9 12 0 0 0 0 0 0 0 0 9 0 10 11 0 0 0 0 0 0 0 8 0 11 0 0 0 11 0 
6 0 0 0 7 0 6 0 0 12 0 0 0 12 0 9 0 0 0 0 0 0 0 0 11 12 0 0 7 0 12 0 0 0 0 0 0 0 0 6 0 10 0 11 0 0 8 0 0 0 12 0 0 0 0 0 0 11 12 0 0 0 12 11 7 6 0 0 7 0 0 0 
0 0 8 0 10 0 12 0 9 0 11 0 0 0 0 0 0 0 0 0 0 6 0 9 0 0 0 8 0 11 14 0 13 9 0 11 0 0 0 0 7 0 0 6 14 0 9 0 0 0 0 0 0 0 0 0 0 0 0 10 0 0 0 0 10 0 0 0 9 0 0 0 
0 0 0 0 0 0 0 0 0 7 0 0 0 0 0 0 0 10 0 14 7 0 12 0 11 0 0 0 0 0 0 0 0 0 0 0 13 0 0 0 0 0 12 10 0 0 0 9 0 0 0 0 0 9 0 0 0 0 11 12 0 0 0 7 6 0 13 0 0 0 0 0 
0 0 0 11 9 0 9 9 0 0 0 0 9 7 9 0 0 0 8 0 0 0 0 9 10 0 0 0 11 0 0 0 0 0 0 0 0 0 0 9 12 0 0 13 0 0 11 0 0 10 11 0 0 0 0 0 0 0 0 0 0 0 10 0 0 12 0 0 0 0 0 9 
0 0 0 14 0 8 0 0 0 9 0 0 0 13 0 11 11 0 0 0 14 0 0 0 0 0 0 0 0 0 0 9 0 11 0 0 0 0 11 0 0 0 0 0 0 0 0 0 11 0 11 10 11 0 0 0 0 0 0 11 13 0 14 13 0 0 0 0 0 0 0 10 
0 0 13 0 9 0 0 9 0 0 0 0 6 9 0 0 0 8 0 0 9 0 12 12 0 0 0 0 10 0 0 0 0 0 11 11 0 0 0 11 0 11 7 11 0 11 10 0 0 0 0 0 0 0 0 0 8 0 0 0 0 9 0 0 10 0 0 0 11 12 0 12 
0 13 0 0 0 0 0 0 0 0 0 11 10 0 0 0 12 9 0 10 10 0 13 0 0 0 12 0 0 0 11 0 0 9 11 0 0 12 0 0 0 0 10 0 0 16 0 9 10 0 0 0 0 10 9 0 0 0 0 5 0 0 0 7 0 0 0 0 0 10 0 0 
0 13 12 0 0 0 0 0 0 0 8 0 6 0 0 0 0 0 0 0 0 11 0 8 12 0 12 0 8 0 0 0 9 0 0 0 0 0 11 0 0 0 0 0 0 0 0 0 0 0 0 11 7 15 0 0 0 0 13 0 0 0 0 0 10 0 6 10 0 7 0 0 
0 0 11 8 0 9 0 0 10 9 0 0 0 0 0 0 11 0 0 0 0 0 12 0 0 0 0 14 11 10 8 10 12 0 0 8 11 8 0 0 15 0 0 0 14 0 7 0 0 0 6 0 0 16 0 0 0 8 0 11 0 14 0 0 0 7 8 7 0 0 0 0 
10 0 11 8 12 0 0 0 0 0 0 5 0 0 0 12 0 0 0 0 0 12 8 11 0 0 0 0 0 14 0 0 0 7 0 10 0 13 0 10 0 0 0 0 0 0 7 9 9 0 0 0 9 0 0 0 11 0 0 11 0 0 11 10 0 0 0 0 12 0 0 0 
7 0 0 0 0 9 0 0 0 0 0 10 0 0 10 0 0 0 11 0 0 0 0 0 0 0 0 0 0 0 0 0 4 0 0 0 9 0 7 0 0 0 13 0 0 0 0 0 0 0 0 0 0 0 0 0 11 9 0 0 0 0 0 0 0 0 0 0 0 0 0 0 
0 0 0 8 0 0 11 0 7 13 10 0 0 10 0 0 0 0 0 11 0 0 9 0 0 0 0 12 0 11 0 10 0 0 0 0 0 6 11 7 0 0 0 0 0 0 0 0 0 0 0 0 0 0 0 0 0 0 0 0 0 0 0 0 0 0 0 10 0 10 0 9 
9 0 11 0 10 0 0 7 0 8 0 0 10 9 11 0 0 0 11 0 0 12 0 0 0 0 0 9 16 0 0 0 0 0 12 13 0 0 12 0 0 8 0 9 10 12 7 0 10 10 0 0 0 12 0 0 0 0 11 6 0 0 0 0 0 0 0 12 0 0 8 0 
0 0 0 12 10 7 0 0 0 0 0 0 0 9 0 0 0 0 9 0 0 9 0 12 0 0 0 0 8 14 0 0 0 0 12 0 0 0 8 11 0 0 11 10 0 0 0 11 0 0 0 0 0 0 0 0 12 0 0 0 0 0 0 0 0 9 0 0 0 0 0 0 
0 0 0 0 0 0 0 0 0 0 0 12 10 0 0 0 7 0 0 0 7 12 9 9 0 0 0 0 0 0 8 0 0 0 15 0 11 10 0 0 15 7 10 0 0 12 0 6 12 0 9 10 0 14 0 10 0 7 10 0 0 9 0 0 0 0 0 0 0 13 0 0 
0 0 0 11 0 0 0 0 0 0 0 0 10 0 0 8 0 0 0 0 14 0 0 0 11 0 0 9 0 14 11 0 0 0 0 0 0 11 0 0 0 10 9 8 0 0 11 0 0 0 13 11 0 0 0 0 12 8 6 0 0 0 0 0 0 0 0 16 8 11 0 0 
0 0 0 11 0 0 0 13 0 0 0 0 11 0 0 0 0 0 0 12 0 0 10 0 0 0 0 0 0 0 0 0 0 10 11 12 0 0 0 0 13 0 0 0 0 11 0 0 7 0 10 0 0 0 0 0 0 0 11 0 10 8 0 0 0 0 10 8 0 9 0 0 
0 13 0 0 0 8 6 8 10 0 10 11 0 0 8 10 0 0 0 0 11 0 12 0 12 8 0 13 0 0 7 11 9 10 0 0 0 7 0 11 0 0 0 12 0 13 0 0 8 0 10 0 0 0 6 13 0 10 7 6 4 9 9 0 0 0 0 0 0 0 9 9 
0 0 11 10 11 0 0 0 13 0 0 0 10 8 0 0 0 0 0 0 0 0 10 0 12 0 12 5 0 0 12 0 10 0 0 0 9 0 10 10 0 12 11 0 0 0 0 0 0 0 11 0 0 0 7 0 0 0 10 0 0 0 0 0 0 0 12 11 0 13 0 0 
0 0 0 0 0 0 0 0 10 12 0 0 0 0 0 10 0 0 0 0 0 0 0 0 0 0 11 0 0 9 0 0 9 0 8 15 0 0 0 0 0 0 0 0 0 10 9 0 11 0 0 10 0 10 11 0 0 12 0 0 5 0 0 0 0 6 0 12 9 0 10 13 
0 8 0 0 0 0 10 0 0 0 0 9 0 0 0 0 15 10 0 10 0 0 0 0 0 0 0 0 12 10 8 0 0 7 9 0 0 0 8 0 0 10 9 0 8 0 0 0 0 10 0 0 0 11 0 9 7 0 0 8 0 11 0 0 0 0 0 0 0 0 13 0 
8 6 0 0 0 0 0 0 12 0 7 0 0 10 12 0 0 12 0 0 0 0 7 0 0 0 0 0 0 0 0 0 0 0 0 10 0 11 0 0 0 0 9 10 8 9 0 0 7 11 0 0 9 13 9 0 0 0 9 0 0 11 13 7 0 0 10 9 8 12 0 0 
0 0 0 0 12 0 8 0 0 0 0 0 0 0 0 0 12 0 0 9 0 0 0 9 0 10 0 0 11 0 8 0 0 0 0 0 0 0 0 0 0 0 0 0 10 0 0 8 0 0 9 9 0 11 0 0 0 13 0 0 0 0 11 6 0 0 0 0 7 0 10 13 
0 11 14 0 0 0 11 0 0 0 0 0 0 14 0 0 0 0 0 0 11 10 7 8 8 0 0 10 8 0 0 11 0 0 0 0 0 0 6 0 0 0 0 0 10 0 0 11 0 0 0 0 8 9 0 5 0 11 6 0 0 10 7 0 0 0 0 0 0 0 0 0 
0 0 9 0 0 0 11 8 0 8 0 0 5 0 0 0 0 9 11 9 0 14 0 8 0 0 0 12 0 0 0 0 0 0 0 0 0 0 10 12 0 0 0 9 0 0 8 8 0 12 0 9 7 0 0 14 0 0 0 0 0 10 0 0 0 10 0 0 0 8 0 0 
0 0 0 0 0 0 0 0 0 0 7 0 0 12 7 0 0 11 8 0 13 0 6 0 7 0 0 4 0 0 9 0 0 0 0 0 0 0 0 0 0 0 0 0 9 0 0 0 11 0 10 0 0 0 8 0 0 0 0 0 0 0 0 0 7 10 0 0 0 0 10 11 
0 0 0 12 0 13 0 0 0 0 0 0 11 0 0 0 0 16 11 0 0 0 0 0 0 11 0 0 0 0 8 11 0 0 0 11 0 8 0 0 0 0 0 0 11 0 0 0 13 0 0 0 10 0 0 11 0 0 0 0 16 0 0 0 8 0 0 0 0 11 10 0 
8 0 0 6 12 0 0 0 0 11 6 11 0 11 0 0 0 7 0 9 10 0 13 0 6 0 7 0 0 0 0 0 0 0 0 0 0 0 0 12 0 0 0 8 0 0 0 14 0 0 0 14 0 0 0 10 0 0 0 0 7 0 0 0 0 0 0 0 0 0 12 0 
0 0 0 0 0 0 0 0 0 0 0 0 8 10 0 12 0 0 0 0 0 0 0 0 0 0 0 9 0 11 0 0 0 0 6 0 0 9 0 0 7 0 0 7 0 0 0 13 0 0 0 9 10 10 0 13 0 0 10 0 9 0 0 0 0 0 0 0 0 0 0 14 
10 9 10 0 9 0 9 0 0 8 0 0 0 0 0 0 11 6 0 11 0 10 8 0 10 0 11 7 0 0 0 0 5 11 0 0 0 11 0 8 0 10 0 11 0 0 0 0 0 13 13 0 0 0 8 0 0 0 0 10 0 0 0 0 0 0 0 0 0 0 12 0 
