0 9 0 0 0 0 10 0 0 11 0 0 0 0 12 0 0 0 0 0 0 0 0 9 0 0 0 0 0 0 
0 0 0 0 0 0 9 10 0 0 0 15 10 12 0 12 0 0 11 0 0 0 0 6 0 0 12 0 0 12 
0 0 0 11 8 0 0 8 11 0 0 0 0 0 0 14 0 0 0 0 0 8 0 0 12 0 0 0 0 0 
8 0 0 0 0 0 9 0 13 8 0 0 0 0 0 0 0 0 0 0 10 7 0 8 0 9 0 0 0 0 
0 0 0 0 0 0 0 0 0 0 0 0 0 0 0 0 0 0 10 0 12 0 0 0 0 10 0 0 0 0 
0 9 0 8 0 11 0 0 0 0 0 0 0 0 9 0 0 10 0 0 13 0 8 0 0 0 0 7 10 0 
0 0 0 0 0 0 0 12 0 0 0 0 0 0 0 0 0 0 11 0 11 0 0 10 0 0 0 11 0 10 
0 0 0 10 11 0 0 8 0 0 10 0 0 0 0 0 7 7 10 0 0 0 0 0 0 0 0 0 0 0 
0 0 9 0 0 0 13 0 0 10 0 0 0 0 9 0 0 0 0 8 0 0 8 11 0 0 0 0 0 7 
11 0 0 0 9 0 0 0 0 0 0 0 0 0 0 0 9 0 9 0 9 4 0 13 0 0 0 14 0 0 
9 13 0 0 0 13 0 0 0 0 9 10 9 0 0 0 7 13 0 0 0 12 0 9 0 0 0 0 0 0 
0 0 0 0 0 0 0 0 0 0 0 0 0 0 0 13 12 0 0 0 0 8 9 0 0 0 0 0 0 0 
8 11 0 0 0 0 0 0 0 0 0 0 0 0 0 0 13 0 9 7 0 0 0 0 0 0 0 0 0 0 
0 0 0 0 0 0 0 0 10 0 0 0 0 0 0 0 0 7 0 0 0 0 0 0 0 0 0 0 0 0 
0 0 0 0 0 0 0 5 0 0 0 0 0 0 0 9 13 0 13 0 0 0 9 0 12 0 0 0 0 0 
0 0 0 0 0 0 0 0 0 0 0 0 0 13 0 9 0 0 0 0 0 0 0 11 0 0 0 0 0 0 
0 0 0 0 9 0 0 0 0 0 13 0 0 0 0 15 0 0 8 0 0 0 10 0 0 0 11 0 0 0 
6 7 0 0 0 0 0 0 9 0 12 0 0 0 0 0 0 0 0 0 0 8 0 0 0 0 0 0 0 0 
0 0 0 0 10 0 8 0 0 13 0 0 0 0 0 0 0 12 0 0 0 0 0 0 11 0 0 0 0 0 
0 0 0 0 0 0 0 0 0 0 0 10 0 10 15 0 0 0 0 0 0 0 0 8 0 7 0 0 0 9 
0 0 0 0 0 0 0 0 0 0 0 9 8 0 0 0 0 0 9 10 0 0 0 0 0 0 0 0 11 0 
0 0 0 0 0 12 0 0 0 7 0 0 0 0 0 0 0 0 0 10 0 0 0 10 0 0 9 0 0 0 
0 0 0 0 0 0 0 0 0 0 0 0 9 8 0 0 0 0 0 0 0 0 0 0 14 0 0 0 0 0 
0 0 0 0 0 0 0 0 0 0 0 0 0 0 0 0 9 0 0 0 7 0 0 0 0 0 0 0 0 0 
0 0 10 0 0 0 0 7 0 0 0 0 0 0 0 0 0 0 12 0 10 0 7 5 0 0 0 12 0 0 
0 0 0 0 0 0 0 0 0 0 0 0 0 0 0 0 0 0 0 13 0 0 0 13 0 0 0 11 9 0 
11 11 0 14 0 0 0 0 0 0 14 0 0 0 0 0 0 0 0 10 10 0 0 0 0 0 0 0 10 0 
0 0 0 10 0 10 0 0 0 0 0 0 0 0 9 0 0 0 0 7 0 0 0 0 9 7 0 0 0 0 
0 0 0 0 0 0 10 0 0 0 0 0 0 12 0 0 0 7 0 13 0 0 0 0 0 9 0 0 0 0 
11 0 0 0 0 0 7 0 8 10 0 0 0 0 0 0 0 8 0 0 10 11 0 0 0 0 0 0 0 0 
